timestamp,joint_angles,cartesian_pose
1747201050.534,23.47,37.47,-6.84,28.19,54.98,-49.43,185.12,109.88,149.74,-156.09,-2.21,123.08
1747201050.762,23.37,37.35,-7.29,28.07,55.53,-49.24,185.29,109.64,151.17,-156.04,-2.22,123.07
1747201050.871,23.34,37.32,-7.41,28.04,55.68,-49.19,185.33,109.57,151.56,-156.02,-2.22,123.07
1747201050.971,23.28,37.24,-7.68,27.96,56.00,-49.08,185.43,109.42,152.42,-155.99,-2.23,123.06
1747201051.072,23.24,37.19,-7.86,27.92,56.22,-49.01,185.49,109.32,152.99,-155.98,-2.23,123.06
1747201051.243,23.22,37.16,-7.98,27.88,56.37,-48.96,185.53,109.25,153.37,-155.96,-2.23,123.05
1747201051.372,23.13,37.04,-8.40,27.77,56.88,-48.78,185.66,109.00,154.71,-155.92,-2.24,123.04
1747201051.498,23.09,37.00,-8.55,27.73,57.06,-48.72,185.70,108.91,155.19,-155.91,-2.24,123.04
1747201051.691,23.00,36.89,-8.97,27.62,57.58,-48.54,185.82,108.65,156.53,-155.87,-2.25,123.03
1747201051.796,22.96,36.84,-9.15,27.57,57.80,-48.47,185.87,108.54,157.10,-155.86,-2.25,123.03
1747201051.987,22.89,36.74,-9.51,27.47,58.23,-48.32,185.96,108.31,158.25,-155.83,-2.25,123.02
1747201052.088,22.85,36.69,-9.69,27.43,58.45,-48.24,186.01,108.19,158.83,-155.81,-2.25,123.01
1747201052.224,22.84,36.68,-9.72,27.42,58.49,-48.23,186.01,108.17,158.92,-155.81,-2.25,123.01
1747201052.325,22.76,36.57,-10.11,27.31,58.97,-48.07,186.10,107.91,160.17,-155.78,-2.26,123.00
1747201052.426,22.72,36.52,-10.29,27.27,59.19,-47.99,186.14,107.78,160.74,-155.77,-2.26,123.00
1747201052.541,22.70,36.50,-10.38,27.24,59.30,-47.95,186.16,107.72,161.03,-155.77,-2.26,123.00
1747201052.667,22.63,36.41,-10.71,27.15,59.70,-47.82,186.22,107.49,162.08,-155.75,-2.26,122.99
1747201052.768,22.59,36.36,-10.89,27.11,59.92,-47.74,186.25,107.36,162.65,-155.74,-2.26,122.99
1747201052.902,22.57,36.33,-10.98,27.08,60.03,-47.70,186.26,107.30,162.94,-155.73,-2.26,122.99
1747201053.003,22.49,36.24,-11.31,26.99,60.43,-47.57,186.31,107.06,163.99,-155.72,-2.26,122.98
1747201053.109,22.46,36.20,-11.46,26.95,60.61,-47.50,186.33,106.95,164.47,-155.71,-2.26,122.98
1747201053.255,22.41,36.13,-11.70,26.89,60.91,-47.40,186.37,106.78,165.24,-155.70,-2.26,122.97
1747201053.356,22.35,36.06,-11.97,26.82,61.23,-47.29,186.40,106.57,166.10,-155.69,-2.26,122.97
1747201053.458,22.32,36.03,-12.09,26.78,61.38,-47.24,186.41,106.48,166.48,-155.68,-2.26,122.97
1747201053.560,22.27,35.96,-12.33,26.72,61.67,-47.14,186.43,106.30,167.24,-155.68,-2.26,122.96
1747201053.660,22.23,35.91,-12.51,26.67,61.89,-47.07,186.45,106.16,167.81,-155.67,-2.26,122.96
1747201053.786,22.21,35.88,-12.63,26.64,62.04,-47.02,186.45,106.06,168.20,-155.67,-2.26,122.96
1747201053.888,22.15,35.80,-12.90,26.57,62.37,-46.90,186.47,105.85,169.06,-155.66,-2.26,122.95
1747201053.989,22.10,35.75,-13.11,26.51,62.62,-46.82,186.48,105.68,169.72,-155.66,-2.25,122.95
1747201054.209,22.04,35.66,-13.41,26.43,62.99,-46.69,186.49,105.44,170.68,-155.65,-2.25,122.95
1747201054.322,21.97,35.58,-13.71,26.35,63.36,-46.57,186.50,105.19,171.63,-155.65,-2.25,122.94
1747201054.447,21.95,35.55,-13.83,26.32,63.50,-46.52,186.50,105.09,172.01,-155.65,-2.25,122.94
1747201054.595,21.87,35.45,-14.19,26.22,63.94,-46.37,186.50,104.79,173.15,-155.65,-2.24,122.94
1747201054.714,21.84,35.41,-14.34,26.18,64.13,-46.30,186.49,104.66,173.63,-155.65,-2.24,122.94
1747201054.840,21.80,35.37,-14.49,26.14,64.31,-46.24,186.49,104.54,174.11,-155.65,-2.24,122.94
1747201054.956,21.72,35.27,-14.85,26.05,64.75,-46.09,186.47,104.22,175.25,-155.65,-2.23,122.93
1747201055.091,21.69,35.22,-15.00,26.01,64.93,-46.03,186.46,104.09,175.72,-155.65,-2.23,122.93
1747201055.208,21.63,35.14,-15.30,25.93,65.29,-45.90,186.44,103.83,176.67,-155.66,-2.22,122.93
1747201055.316,21.59,35.09,-15.48,25.88,65.51,-45.83,186.43,103.67,177.24,-155.66,-2.22,122.93
1747201055.451,21.58,35.08,-15.51,25.87,65.55,-45.82,186.42,103.64,177.33,-155.66,-2.22,122.93
1747201055.560,21.49,34.97,-15.93,25.76,66.06,-45.64,186.38,103.26,178.67,-155.67,-2.21,122.93
1747201055.660,21.45,34.92,-16.11,25.71,66.28,-45.56,186.36,103.09,179.23,-155.67,-2.20,122.93
1747201055.769,21.45,34.92,-16.11,25.71,66.28,-45.56,186.36,103.09,179.23,-155.67,-2.20,122.93
1747201055.904,21.35,34.79,-16.56,25.59,66.83,-45.38,186.30,102.68,180.65,-155.69,-2.19,122.93
1747201056.026,21.32,34.75,-16.71,25.55,67.01,-45.31,186.27,102.54,181.13,-155.69,-2.19,122.93
1747201056.177,21.26,34.68,-16.98,25.48,67.34,-45.20,186.23,102.28,181.98,-155.70,-2.18,122.93
1747201056.278,21.21,34.61,-17.22,25.41,67.63,-45.10,186.18,102.05,182.73,-155.71,-2.17,122.93
1747201056.393,21.19,34.59,-17.31,25.39,67.74,-45.06,186.17,101.96,183.01,-155.72,-2.17,122.93
1747201056.513,21.12,34.50,-17.64,25.30,68.15,-44.93,186.10,101.64,184.06,-155.73,-2.16,122.94
1747201056.614,21.08,34.45,-17.82,25.25,68.37,-44.85,186.06,101.47,184.62,-155.74,-2.15,122.94
1747201056.738,21.06,34.42,-17.91,25.23,68.48,-44.81,186.04,101.38,184.90,-155.75,-2.15,122.94
1747201056.838,20.99,34.33,-18.24,25.14,68.88,-44.68,185.96,101.05,185.94,-155.77,-2.14,122.94
1747201056.938,20.95,34.28,-18.42,25.09,69.10,-44.60,185.91,100.87,186.50,-155.78,-2.13,122.94
1747201057.059,20.93,34.26,-18.51,25.07,69.21,-44.56,185.89,100.78,186.78,-155.78,-2.12,122.94
1747201057.199,20.85,34.16,-18.87,24.97,69.65,-44.41,185.79,100.41,187.91,-155.81,-2.11,122.95
1747201057.310,20.82,34.12,-19.02,24.93,69.83,-44.35,185.75,100.26,188.38,-155.82,-2.10,122.95
1747201057.441,20.79,34.08,-19.14,24.90,69.98,-44.30,185.71,100.14,188.76,-155.83,-2.10,122.95
1747201057.553,20.71,33.98,-19.53,24.79,70.45,-44.14,185.59,99.73,189.98,-155.86,-2.08,122.96
1747201057.654,20.67,33.93,-19.71,24.75,70.67,-44.06,185.53,99.54,190.54,-155.87,-2.07,122.96
1747201057.807,20.64,33.89,-19.83,24.71,70.82,-44.01,185.49,99.42,190.91,-155.88,-2.07,122.97
1747201057.917,20.57,33.80,-20.16,24.63,71.22,-43.87,185.38,99.07,191.94,-155.91,-2.05,122.97
1747201058.018,20.53,33.75,-20.34,24.58,71.44,-43.80,185.31,98.87,192.50,-155.92,-2.04,122.98
1747201058.124,20.52,33.74,-20.37,24.57,71.48,-43.79,185.30,98.84,192.59,-155.93,-2.04,122.98
1747201058.255,20.43,33.63,-20.79,24.46,71.99,-43.61,185.14,98.39,193.90,-155.97,-2.02,122.99
1747201058.356,20.39,33.58,-20.97,24.41,72.21,-43.54,185.07,98.19,194.46,-155.98,-2.01,122.99
1747201058.501,20.39,33.58,-20.97,24.41,72.21,-43.54,185.07,98.19,194.46,-155.98,-2.01,122.99
1747201058.601,20.36,33.53,-21.13,24.36,72.41,-43.47,185.00,98.01,194.97,-156.00,-2.00,123.00
1747201058.701,20.39,33.57,-20.98,24.41,72.22,-43.53,185.06,98.18,194.50,-155.98,-2.01,122.99
1747201058.837,20.41,33.60,-20.89,24.43,72.11,-43.57,185.10,98.28,194.23,-155.97,-2.01,122.99
1747201058.949,20.49,33.69,-20.53,24.53,71.67,-43.72,185.23,98.67,193.13,-155.94,-2.02,122.98
1747201059.049,20.53,33.74,-20.35,24.58,71.45,-43.80,185.30,98.86,192.58,-155.92,-2.03,122.97
1747201059.179,20.53,33.74,-20.35,24.58,71.45,-43.80,185.30,98.86,192.58,-155.92,-2.03,122.97
1747201059.279,20.62,33.85,-19.93,24.69,70.94,-43.97,185.44,99.31,191.30,-155.88,-2.05,122.96
1747201059.416,20.66,33.89,-19.75,24.74,70.72,-44.05,185.50,99.50,190.75,-155.86,-2.05,122.96
1747201059.522,20.70,33.94,-19.57,24.79,70.50,-44.12,185.56,99.68,190.20,-155.85,-2.06,122.95
1747201059.643,20.76,34.02,-19.27,24.87,70.13,-44.25,185.65,100.00,189.28,-155.82,-2.07,122.94
1747201059.833,20.81,34.07,-19.06,24.92,69.88,-44.34,185.71,100.21,188.63,-155.81,-2.07,122.94
1747201059.934,20.87,34.15,-18.76,25.00,69.51,-44.46,185.79,100.52,187.71,-155.78,-2.08,122.93
1747201060.039,20.89,34.17,-18.67,25.03,69.40,-44.50,185.82,100.61,187.44,-155.78,-2.08,122.93
1747201060.170,20.97,34.26,-18.34,25.12,69.00,-44.64,185.90,100.94,186.42,-155.75,-2.09,122.92
1747201060.287,21.02,34.32,-18.10,25.18,68.71,-44.74,185.96,101.18,185.68,-155.74,-2.10,122.92
1747201060.469,21.04,34.34,-18.01,25.21,68.60,-44.78,185.98,101.27,185.41,-155.73,-2.10,122.92
1747201060.573,21.13,34.45,-17.59,25.32,68.08,-44.95,186.07,101.68,184.11,-155.71,-2.11,122.91
1747201060.673,21.17,34.50,-17.41,25.37,67.87,-45.03,186.10,101.86,183.56,-155.70,-2.11,122.91
1747201060.824,21.18,34.52,-17.35,25.38,67.79,-45.05,186.11,101.92,183.37,-155.69,-2.11,122.91
1747201060.932,21.27,34.62,-16.96,25.49,67.32,-45.21,186.18,102.29,182.17,-155.67,-2.12,122.90
1747201061.052,21.31,34.66,-16.78,25.54,67.10,-45.29,186.21,102.46,181.61,-155.66,-2.12,122.90
1747201061.255,21.40,34.77,-16.36,25.65,66.58,-45.47,186.27,102.86,180.31,-155.65,-2.13,122.90
1747201061.355,21.44,34.82,-16.18,25.70,66.36,-45.54,186.30,103.02,179.75,-155.64,-2.13,122.90
1747201061.474,21.45,34.84,-16.12,25.72,66.29,-45.57,186.30,103.08,179.57,-155.64,-2.13,122.90
1747201061.574,21.52,34.92,-15.79,25.80,65.89,-45.70,186.34,103.38,178.55,-155.63,-2.14,122.90
1747201061.675,21.56,34.97,-15.61,25.85,65.67,-45.78,186.36,103.54,177.99,-155.62,-2.14,122.89
1747201061.783,21.57,34.98,-15.55,25.87,65.59,-45.80,186.36,103.60,177.80,-155.62,-2.14,122.89
1747201061.938,21.67,35.09,-15.13,25.98,65.08,-45.98,186.39,103.97,176.49,-155.61,-2.14,122.89
1747201062.042,21.70,35.14,-14.95,26.03,64.86,-46.06,186.41,104.13,175.94,-155.61,-2.14,122.89
1747201062.171,21.70,35.14,-14.95,26.03,64.86,-46.06,186.41,104.13,175.94,-155.61,-2.14,122.89
1747201062.276,21.80,35.25,-14.53,26.14,64.35,-46.23,186.42,104.49,174.63,-155.60,-2.14,122.89
1747201062.411,21.83,35.30,-14.35,26.19,64.13,-46.31,186.43,104.65,174.07,-155.60,-2.14,122.89
1747201062.522,21.84,35.30,-14.32,26.20,64.09,-46.32,186.43,104.67,173.98,-155.60,-2.14,122.89
1747201062.626,21.93,35.41,-13.90,26.31,63.58,-46.49,186.43,105.03,172.67,-155.59,-2.14,122.89
1747201062.727,21.97,35.46,-13.72,26.36,63.36,-46.57,186.43,105.18,172.11,-155.59,-2.14,122.90
1747201062.847,21.98,35.47,-13.69,26.37,63.32,-46.58,186.43,105.20,172.01,-155.59,-2.14,122.90
1747201062.962,22.06,35.57,-13.30,26.48,62.85,-46.75,186.42,105.52,170.80,-155.60,-2.14,122.90
1747201063.062,22.10,35.62,-13.12,26.52,62.63,-46.82,186.42,105.67,170.23,-155.60,-2.14,122.90
1747201063.186,22.12,35.63,-13.06,26.54,62.56,-46.85,186.41,105.72,170.05,-155.60,-2.14,122.90
1747201063.293,22.19,35.73,-12.70,26.64,62.12,-47.00,186.39,106.00,168.93,-155.60,-2.14,122.90
1747201063.430,22.23,35.77,-12.52,26.69,61.90,-47.07,186.38,106.14,168.36,-155.61,-2.14,122.90
1747201063.539,22.29,35.84,-12.25,26.76,61.57,-47.18,186.36,106.35,167.52,-155.61,-2.13,122.91
1747201063.639,22.33,35.89,-12.07,26.81,61.35,-47.26,186.34,106.49,166.96,-155.62,-2.13,122.91
1747201063.760,22.36,35.92,-11.95,26.84,61.20,-47.31,186.33,106.58,166.59,-155.62,-2.13,122.91
1747201063.913,22.44,36.01,-11.59,26.94,60.76,-47.46,186.29,106.85,165.46,-155.63,-2.13,122.91
1747201064.015,22.47,36.06,-11.41,26.98,60.54,-47.54,186.26,106.99,164.90,-155.64,-2.12,122.92
1747201064.149,22.49,36.08,-11.32,27.01,60.43,-47.57,186.25,107.05,164.62,-155.64,-2.12,122.92
1747201064.270,22.58,36.19,-10.93,27.11,59.96,-47.74,186.19,107.33,163.40,-155.66,-2.12,122.92
1747201064.375,22.61,36.22,-10.81,27.15,59.81,-47.79,186.17,107.42,163.02,-155.66,-2.12,122.92
1747201064.518,22.64,36.26,-10.66,27.19,59.63,-47.85,186.14,107.53,162.55,-155.67,-2.11,122.93
1747201064.632,22.72,36.35,-10.30,27.28,59.19,-48.00,186.08,107.78,161.43,-155.69,-2.11,122.93
1747201064.732,22.76,36.40,-10.12,27.33,58.97,-48.08,186.04,107.90,160.86,-155.70,-2.10,122.93
1747201064.849,22.78,36.42,-10.03,27.36,58.86,-48.11,186.02,107.96,160.58,-155.70,-2.10,122.93
1747201064.953,22.85,36.50,-9.70,27.45,58.46,-48.25,185.95,108.18,159.55,-155.72,-2.09,122.94
1747201065.157,22.89,36.55,-9.52,27.49,58.24,-48.33,185.91,108.30,158.99,-155.74,-2.09,122.94
1747201065.258,22.96,36.65,-9.16,27.59,57.80,-48.48,185.82,108.53,157.86,-155.76,-2.08,122.95
1747201065.373,23.00,36.68,-9.01,27.63,57.61,-48.54,185.78,108.63,157.39,-155.77,-2.08,122.95
1747201065.509,23.06,36.76,-8.71,27.71,57.25,-48.67,185.69,108.82,156.45,-155.80,-2.07,122.96
1747201065.609,23.10,36.81,-8.53,27.76,57.03,-48.74,185.64,108.93,155.89,-155.81,-2.06,122.96
1747201065.762,23.12,36.83,-8.44,27.78,56.92,-48.78,185.62,108.98,155.61,-155.82,-2.06,122.96
1747201065.898,23.21,36.94,-8.02,27.90,56.40,-48.95,185.49,109.23,154.29,-155.86,-2.05,122.97
1747201065.998,23.25,36.99,-7.84,27.95,56.19,-49.03,185.43,109.34,153.72,-155.87,-2.04,122.98
1747201066.106,23.26,37.00,-7.81,27.95,56.15,-49.04,185.42,109.36,153.63,-155.88,-2.04,122.98
1747201066.287,23.37,37.13,-7.30,28.09,55.53,-49.26,185.24,109.65,152.03,-155.93,-2.02,122.99
1747201066.411,23.40,37.17,-7.15,28.13,55.34,-49.32,185.19,109.73,151.57,-155.94,-2.02,122.99
1747201066.522,23.45,37.22,-6.94,28.19,55.09,-49.41,185.11,109.84,150.91,-155.97,-2.01,122.99
1747201066.632,23.50,37.28,-6.70,28.25,54.80,-49.51,185.02,109.97,150.16,-155.99,-2.00,123.00
1747201066.831,23.51,37.30,-6.65,28.27,54.74,-49.53,185.00,110.00,150.02,-156.00,-2.00,123.00
1747201066.961,23.44,37.21,-6.98,28.18,55.14,-49.39,185.13,109.82,151.05,-155.96,-2.01,122.99
1747201067.061,23.40,37.16,-7.16,28.13,55.36,-49.31,185.19,109.72,151.61,-155.94,-2.02,122.99
1747201067.166,23.40,37.16,-7.16,28.13,55.36,-49.31,185.19,109.72,151.61,-155.94,-2.02,122.99
1747201067.283,23.31,37.06,-7.55,28.02,55.84,-49.15,185.33,109.50,152.83,-155.90,-2.03,122.98
1747201067.392,23.27,37.01,-7.77,27.97,56.10,-49.06,185.40,109.38,153.49,-155.88,-2.04,122.98
1747201067.542,23.25,36.98,-7.86,27.94,56.20,-49.02,185.43,109.33,153.78,-155.87,-2.04,122.97
1747201067.658,23.16,36.88,-8.24,27.84,56.68,-48.86,185.56,109.10,154.99,-155.84,-2.05,122.97
1747201067.760,23.13,36.84,-8.40,27.80,56.86,-48.80,185.60,109.01,155.46,-155.82,-2.06,122.96
1747201067.896,23.12,36.83,-8.45,27.78,56.94,-48.77,185.62,108.97,155.65,-155.82,-2.06,122.96
1747201068.003,23.03,36.73,-8.85,27.68,57.41,-48.61,185.73,108.73,156.87,-155.79,-2.07,122.96
1747201068.193,22.99,36.68,-9.03,27.63,57.63,-48.53,185.78,108.62,157.44,-155.77,-2.08,122.95
1747201068.293,22.92,36.59,-9.39,27.53,58.07,-48.38,185.87,108.39,158.56,-155.75,-2.09,122.95
1747201068.394,22.90,36.56,-9.48,27.51,58.18,-48.35,185.90,108.33,158.85,-155.74,-2.09,122.94
1747201068.533,22.82,36.48,-9.80,27.42,58.58,-48.21,185.97,108.11,159.88,-155.72,-2.10,122.94
1747201068.633,22.78,36.43,-9.98,27.37,58.80,-48.13,186.01,107.99,160.44,-155.71,-2.10,122.94
1747201068.743,22.75,36.39,-10.13,27.33,58.99,-48.07,186.04,107.89,160.91,-155.70,-2.10,122.93
1747201068.910,22.67,36.30,-10.49,27.23,59.43,-47.92,186.11,107.64,162.03,-155.68,-2.11,122.93
1747201069.012,22.65,36.27,-10.61,27.20,59.57,-47.87,186.14,107.56,162.41,-155.67,-2.11,122.93
1747201069.136,22.63,36.24,-10.70,27.17,59.68,-47.83,186.15,107.49,162.69,-155.67,-2.11,122.92
1747201069.237,22.54,36.14,-11.10,27.07,60.16,-47.67,186.22,107.21,163.91,-155.65,-2.12,122.92
1747201069.337,22.50,36.10,-11.28,27.02,60.38,-47.59,186.24,107.08,164.48,-155.64,-2.12,122.92
1747201069.472,22.50,36.09,-11.30,27.01,60.41,-47.58,186.25,107.06,164.57,-155.64,-2.12,122.92
1747201069.573,22.41,35.99,-11.69,26.91,60.89,-47.42,186.30,106.77,165.79,-155.63,-2.13,122.91
1747201069.673,22.37,35.94,-11.87,26.86,61.11,-47.34,186.32,106.64,166.35,-155.62,-2.13,122.91
1747201069.828,22.36,35.92,-11.93,26.84,61.18,-47.32,186.33,106.59,166.54,-155.62,-2.13,122.91
1747201069.932,22.28,35.82,-12.32,26.74,61.66,-47.15,186.36,106.30,167.76,-155.61,-2.14,122.91
1747201070.150,22.24,35.78,-12.50,26.69,61.88,-47.08,186.38,106.16,168.32,-155.61,-2.14,122.90
1747201070.253,22.15,35.67,-12.92,26.58,62.39,-46.90,186.41,105.82,169.63,-155.60,-2.14,122.90
1747201070.390,22.12,35.64,-13.04,26.54,62.54,-46.85,186.41,105.73,170.00,-155.60,-2.14,122.90
1747201070.574,22.02,35.52,-13.49,26.42,63.09,-46.66,186.43,105.36,171.41,-155.59,-2.14,122.90
1747201070.698,21.99,35.49,-13.62,26.39,63.23,-46.61,186.43,105.26,171.78,-155.59,-2.14,122.90
1747201070.892,21.90,35.37,-14.07,26.27,63.78,-46.42,186.43,104.89,173.19,-155.59,-2.14,122.89
1747201070.993,21.86,35.32,-14.25,26.22,64.00,-46.35,186.43,104.74,173.75,-155.60,-2.14,122.89
1747201071.113,21.85,35.32,-14.27,26.21,64.04,-46.34,186.43,104.71,173.84,-155.60,-2.14,122.89
1747201071.229,21.77,35.21,-14.66,26.11,64.52,-46.17,186.42,104.38,175.05,-155.60,-2.14,122.89
1747201071.329,21.73,35.17,-14.84,26.06,64.73,-46.10,186.41,104.22,175.61,-155.60,-2.14,122.89
1747201071.473,21.69,35.12,-15.02,26.01,64.95,-46.02,186.40,104.06,176.17,-155.61,-2.14,122.89
1747201071.574,21.63,35.05,-15.29,25.94,65.28,-45.91,186.38,103.82,177.01,-155.61,-2.14,122.89
1747201071.697,21.60,35.01,-15.44,25.90,65.47,-45.85,186.37,103.69,177.47,-155.62,-2.14,122.89
1747201071.815,21.56,34.97,-15.59,25.86,65.65,-45.79,186.36,103.53,178.03,-155.62,-2.14,122.89
1747201071.918,21.50,34.89,-15.89,25.78,66.02,-45.66,186.33,103.28,178.87,-155.63,-2.13,122.90
1747201072.064,21.47,34.86,-16.01,25.74,66.16,-45.61,186.31,103.17,179.24,-155.63,-2.13,122.90
1747201072.224,21.37,34.75,-16.46,25.62,66.71,-45.42,186.26,102.76,180.64,-155.65,-2.13,122.90
1747201072.358,21.34,34.70,-16.64,25.57,66.93,-45.35,186.23,102.59,181.19,-155.66,-2.13,122.90
1747201072.484,21.28,34.64,-16.88,25.51,67.22,-45.25,186.19,102.36,181.93,-155.67,-2.12,122.90
1747201072.586,21.23,34.58,-17.12,25.45,67.52,-45.15,186.15,102.13,182.67,-155.68,-2.12,122.91
1747201072.707,21.22,34.56,-17.18,25.43,67.59,-45.12,186.14,102.07,182.86,-155.68,-2.12,122.91
1747201072.811,21.15,34.47,-17.51,25.34,67.99,-44.98,186.08,101.76,183.88,-155.70,-2.11,122.91
1747201072.911,21.11,34.43,-17.69,25.29,68.21,-44.91,186.04,101.58,184.43,-155.71,-2.11,122.91
1747201073.047,21.07,34.39,-17.84,25.25,68.39,-44.84,186.01,101.43,184.90,-155.72,-2.10,122.92
1747201073.153,21.02,34.32,-18.11,25.18,68.72,-44.73,185.95,101.17,185.73,-155.74,-2.10,122.92
1747201073.253,20.97,34.26,-18.32,25.12,68.98,-44.64,185.90,100.96,186.37,-155.75,-2.09,122.92
1747201073.354,20.93,34.22,-18.50,25.07,69.20,-44.57,185.86,100.78,186.93,-155.76,-2.09,122.93
1747201073.482,20.92,34.21,-18.53,25.07,69.24,-44.56,185.85,100.75,187.02,-155.77,-2.09,122.93
1747201073.628,20.83,34.09,-18.98,24.94,69.79,-44.37,185.73,100.29,188.40,-155.80,-2.07,122.94
1747201073.736,20.79,34.04,-19.16,24.90,70.01,-44.29,185.68,100.10,188.96,-155.81,-2.07,122.94
1747201073.909,20.75,34.01,-19.31,24.86,70.19,-44.23,185.64,99.95,189.41,-155.83,-2.07,122.94
1747201074.011,20.68,33.91,-19.67,24.76,70.63,-44.08,185.53,99.57,190.52,-155.86,-2.05,122.95
1747201074.116,20.64,33.87,-19.82,24.72,70.81,-44.02,185.48,99.42,190.97,-155.87,-2.05,122.96
1747201074.247,20.60,33.83,-20.00,24.67,71.03,-43.94,185.42,99.23,191.52,-155.89,-2.04,122.96
1747201074.351,20.55,33.76,-20.27,24.60,71.36,-43.83,185.33,98.94,192.35,-155.91,-2.03,122.97
1747201074.494,20.52,33.72,-20.39,24.56,71.51,-43.78,185.28,98.81,192.72,-155.92,-2.03,122.97
1747201074.618,20.44,33.63,-20.75,24.47,71.95,-43.63,185.15,98.42,193.81,-155.96,-2.02,122.99
1747201074.720,20.40,33.58,-20.96,24.41,72.20,-43.54,185.07,98.20,194.46,-155.98,-2.01,122.99
1747201074.835,20.40,33.58,-20.96,24.41,72.20,-43.54,185.07,98.20,194.46,-155.98,-2.01,122.99
1747201074.970,20.36,33.53,-21.14,24.36,72.42,-43.46,185.00,98.00,194.99,-156.00,-2.00,123.00
1747201075.071,20.39,33.56,-21.01,24.40,72.26,-43.52,185.05,98.15,194.59,-155.99,-2.01,123.00
1747201075.208,20.39,33.56,-21.01,24.40,72.26,-43.52,185.05,98.15,194.59,-155.99,-2.01,123.00
1747201075.312,20.48,33.67,-20.59,24.51,71.75,-43.70,185.21,98.60,193.32,-155.94,-2.02,122.98
1747201075.413,20.52,33.72,-20.41,24.56,71.53,-43.77,185.28,98.79,192.77,-155.92,-2.03,122.98
1747201075.523,20.52,33.72,-20.41,24.56,71.53,-43.77,185.28,98.79,192.77,-155.92,-2.03,122.98
1747201075.639,20.61,33.83,-19.99,24.67,71.02,-43.95,185.42,99.24,191.49,-155.89,-2.04,122.96
1747201075.746,20.65,33.88,-19.81,24.72,70.80,-44.02,185.48,99.43,190.94,-155.87,-2.05,122.96
1747201075.932,20.72,33.96,-19.48,24.81,70.39,-44.16,185.59,99.78,189.92,-155.84,-2.06,122.95
1747201076.032,20.76,34.01,-19.30,24.86,70.17,-44.24,185.64,99.96,189.37,-155.83,-2.07,122.94
1747201076.142,20.78,34.03,-19.21,24.88,70.06,-44.27,185.67,100.06,189.09,-155.82,-2.07,122.94
1747201076.295,20.86,34.13,-18.82,24.99,69.59,-44.44,185.78,100.46,187.90,-155.79,-2.08,122.93
1747201076.417,20.89,34.17,-18.67,25.03,69.40,-44.50,185.82,100.61,187.44,-155.78,-2.08,122.93
1747201076.528,20.95,34.24,-18.40,25.10,69.07,-44.61,185.88,100.88,186.61,-155.76,-2.09,122.92
1747201076.636,21.00,34.30,-18.19,25.16,68.82,-44.70,185.93,101.09,185.97,-155.74,-2.10,122.92
1747201076.795,21.02,34.32,-18.10,25.18,68.71,-44.74,185.96,101.18,185.69,-155.74,-2.10,122.92
1747201076.895,21.10,34.41,-17.74,25.28,68.27,-44.89,186.03,101.54,184.58,-155.71,-2.11,122.91
1747201076.996,21.14,34.46,-17.56,25.33,68.05,-44.96,186.07,101.71,184.02,-155.70,-2.11,122.91
1747201077.121,21.15,34.48,-17.50,25.34,67.98,-44.99,186.08,101.77,183.84,-155.70,-2.11,122.91
1747201077.232,21.23,34.57,-17.14,25.44,67.54,-45.14,186.15,102.12,182.72,-155.68,-2.12,122.91
1747201077.332,21.27,34.62,-16.96,25.49,67.32,-45.21,186.18,102.29,182.17,-155.67,-2.12,122.90
1747201077.511,21.29,34.64,-16.87,25.51,67.21,-45.25,186.20,102.38,181.89,-155.67,-2.12,122.90
1747201077.616,21.38,34.75,-16.45,25.63,66.69,-45.43,186.26,102.77,180.59,-155.65,-2.13,122.90
1747201077.835,21.42,34.80,-16.27,25.68,66.47,-45.50,186.28,102.94,180.03,-155.64,-2.13,122.90
1747201077.955,21.51,34.91,-15.82,25.80,65.93,-45.69,186.34,103.35,178.64,-155.63,-2.14,122.90
1747201078.085,21.55,34.95,-15.67,25.84,65.74,-45.75,186.35,103.49,178.18,-155.62,-2.14,122.89
1747201078.283,21.64,35.06,-15.25,25.95,65.23,-45.93,186.39,103.86,176.87,-155.61,-2.14,122.89
1747201078.384,21.68,35.11,-15.07,26.00,65.01,-46.00,186.40,104.02,176.31,-155.61,-2.14,122.89
1747201078.499,21.68,35.12,-15.04,26.01,64.97,-46.02,186.40,104.05,176.22,-155.61,-2.14,122.89
1747201078.614,21.77,35.22,-14.65,26.11,64.50,-46.18,186.42,104.39,175.01,-155.60,-2.14,122.89
1747201078.715,21.81,35.26,-14.47,26.16,64.28,-46.26,186.43,104.54,174.45,-155.60,-2.14,122.89
1747201078.820,21.82,35.27,-14.44,26.17,64.24,-46.27,186.43,104.57,174.35,-155.60,-2.14,122.89
1747201078.932,21.89,35.37,-14.08,26.27,63.80,-46.42,186.43,104.88,173.23,-155.59,-2.14,122.89
1747201079.060,21.93,35.41,-13.90,26.31,63.58,-46.49,186.43,105.03,172.67,-155.59,-2.14,122.89
1747201079.171,21.96,35.44,-13.78,26.35,63.44,-46.54,186.43,105.13,172.30,-155.59,-2.14,122.89
1747201079.276,22.03,35.53,-13.45,26.44,63.03,-46.68,186.43,105.40,171.27,-155.59,-2.14,122.90
1747201079.445,22.08,35.58,-13.24,26.49,62.78,-46.77,186.42,105.57,170.62,-155.60,-2.14,122.90
1747201079.555,22.14,35.66,-12.94,26.57,62.41,-46.90,186.41,105.81,169.68,-155.60,-2.14,122.90
1747201079.657,22.17,35.70,-12.79,26.61,62.23,-46.96,186.40,105.93,169.21,-155.60,-2.14,122.90
1747201079.837,22.25,35.79,-12.43,26.71,61.79,-47.11,186.37,106.21,168.09,-155.61,-2.14,122.90
1747201079.938,22.29,35.84,-12.25,26.76,61.57,-47.18,186.36,106.35,167.53,-155.61,-2.13,122.91
1747201080.045,22.31,35.87,-12.16,26.78,61.46,-47.22,186.35,106.42,167.25,-155.61,-2.13,122.91
1747201080.201,22.39,35.96,-11.80,26.88,61.02,-47.37,186.31,106.69,166.12,-155.62,-2.13,122.91
1747201080.303,22.44,36.01,-11.59,26.94,60.76,-47.46,186.29,106.85,165.46,-155.63,-2.13,122.91
