timestamp,joint_angles,cartesian_pose
1744100016.685,26.70,31.42,-9.48,31.84,57.86,-18.14,175.00,123.00,180.00,-150.00,0.00,150.00
1744100016.787,26.65,31.33,-9.30,32.20,57.74,-18.61,174.92,123.08,180.09,-149.71,0.01,149.80
1744100016.928,26.59,31.22,-9.09,32.65,57.59,-19.20,174.82,123.18,180.20,-149.36,0.03,149.55
1744100017.053,26.35,30.76,-8.15,34.61,56.92,-21.74,174.41,123.57,180.70,-147.83,0.15,148.49
1744100017.157,26.28,30.62,-7.86,35.20,56.72,-22.52,174.30,123.68,180.86,-147.37,0.20,148.17
1744100017.278,26.11,30.29,-7.22,36.55,56.26,-24.27,174.06,123.91,181.22,-146.34,0.33,147.45
1744100017.378,26.00,30.08,-6.78,37.45,55.96,-25.45,173.91,124.05,181.47,-145.65,0.43,146.98
1744100017.542,25.94,29.97,-6.57,37.90,55.80,-26.03,173.85,124.11,181.60,-145.31,0.48,146.74
1744100017.652,25.68,29.47,-5.55,40.01,55.09,-28.78,173.56,124.39,182.19,-143.73,0.78,145.66
1744100017.762,25.62,29.36,-5.34,40.46,54.93,-29.36,173.51,124.44,182.32,-143.40,0.85,145.43
1744100017.862,25.45,29.04,-4.69,41.81,54.47,-31.12,173.36,124.57,182.71,-142.41,1.09,144.74
1744100017.977,25.36,28.86,-4.33,42.55,54.22,-32.09,173.29,124.64,182.93,-141.87,1.23,144.36
1744100018.172,25.10,28.36,-3.32,44.65,53.50,-34.82,173.14,124.77,183.54,-140.37,1.67,143.32
1744100018.286,25.02,28.22,-3.03,45.25,53.30,-35.61,173.10,124.79,183.72,-139.95,1.81,143.02
1744100018.405,25.00,28.18,-2.96,45.40,53.25,-35.81,173.09,124.80,183.77,-139.84,1.84,142.94
1744100018.523,24.71,27.61,-1.81,47.80,52.43,-38.93,173.01,124.84,184.48,-138.19,2.45,141.77
1744100018.654,24.67,27.54,-1.66,48.10,52.33,-39.33,173.00,124.84,184.57,-137.99,2.53,141.62
1744100018.776,24.43,27.07,-0.73,50.05,51.67,-41.86,172.98,124.79,185.14,-136.69,3.09,140.68
1744100018.936,24.37,26.97,-0.51,50.50,51.51,-42.45,172.99,124.77,185.27,-136.40,3.23,140.46
1744100019.063,24.11,26.46,0.50,52.60,50.80,-45.19,173.03,124.64,185.89,-135.05,3.90,139.46
1744100019.207,23.99,26.25,0.93,53.50,50.49,-46.36,173.06,124.55,186.15,-134.48,4.20,139.03
1744100019.355,23.77,25.82,1.80,55.30,49.88,-48.71,173.16,124.35,186.66,-133.38,4.85,138.18
1744100019.474,23.70,25.68,2.08,55.90,49.68,-49.48,173.19,124.27,186.82,-133.03,5.07,137.90
1744100019.581,23.53,25.36,2.73,57.25,49.22,-51.24,173.29,124.07,187.19,-132.23,5.59,137.26
1744100019.683,23.40,25.11,3.24,58.30,48.86,-52.61,173.38,123.88,187.48,-131.63,6.00,136.77
1744100019.816,23.36,25.04,3.38,58.60,48.76,-53.00,173.41,123.83,187.56,-131.46,6.12,136.63
1744100019.983,23.06,24.46,4.53,61.00,47.94,-56.13,173.65,123.33,188.18,-130.13,7.14,135.51
1744100020.138,22.95,24.25,4.97,61.90,47.63,-57.30,173.76,123.11,188.40,-129.65,7.53,135.10
1744100020.257,22.76,23.89,5.69,63.40,47.12,-59.26,173.95,122.72,188.77,-128.88,8.21,134.41
1744100020.419,22.67,23.71,6.05,64.15,46.87,-60.23,174.05,122.51,188.94,-128.50,8.56,134.07
1744100020.584,22.39,23.17,7.13,66.40,46.10,-63.16,174.37,121.81,189.44,-127.41,9.64,133.04
1744100020.739,22.29,23.00,7.49,67.15,45.85,-64.13,174.49,121.56,189.60,-127.06,10.01,132.70
1744100020.862,22.09,22.60,8.28,68.80,45.28,-66.29,174.75,120.96,189.93,-126.32,10.85,131.96
1744100020.963,21.97,22.39,8.72,69.70,44.98,-67.46,174.90,120.61,190.10,-125.93,11.31,131.55
1744100021.097,21.96,22.35,8.78,69.85,44.93,-67.65,174.92,120.56,190.13,-125.87,11.39,131.49
1744100021.203,21.69,21.85,9.80,71.95,44.21,-70.39,175.29,119.68,190.49,-125.00,12.51,130.55
1744100021.379,21.62,21.71,10.08,72.55,44.01,-71.17,175.40,119.42,190.59,-124.77,12.83,130.29
1744100021.479,21.40,21.28,10.95,74.35,43.40,-73.51,175.73,118.59,190.85,-124.09,13.82,129.50
1744100021.663,21.26,21.03,11.45,75.40,43.04,-74.88,175.92,118.07,190.99,-123.72,14.42,129.05
1744100021.783,21.04,20.60,12.32,77.20,42.43,-77.23,176.27,117.14,191.20,-123.11,15.45,128.28
1744100021.949,20.96,20.45,12.61,77.80,42.22,-78.01,176.38,116.82,191.26,-122.92,15.80,128.02
1744100022.059,20.74,20.03,13.47,79.60,41.61,-80.36,176.73,115.81,191.42,-122.38,16.86,127.27
1744100022.243,20.63,19.81,13.91,80.50,41.30,-81.53,176.90,115.28,191.48,-122.13,17.39,126.89
1744100022.359,20.40,19.38,14.77,82.30,40.69,-83.88,177.25,114.18,191.58,-121.67,18.48,126.16
1744100022.463,20.29,19.17,15.20,83.20,40.38,-85.05,177.42,113.61,191.61,-121.45,19.03,125.80
1744100022.643,20.09,18.77,15.99,84.85,39.82,-87.19,177.73,112.53,191.64,-121.10,20.04,125.15
1744100022.743,19.97,18.56,16.43,85.75,39.52,-88.37,177.89,111.92,191.64,-120.92,20.60,124.80
1744100022.891,19.88,18.38,16.79,86.50,39.26,-89.34,178.03,111.40,191.64,-120.78,21.07,124.51
1744100022.996,19.69,18.02,17.51,88.00,38.75,-91.30,178.30,110.32,191.60,-120.53,22.01,123.95
1744100023.155,19.60,17.84,17.87,88.75,38.50,-92.27,178.43,109.78,191.57,-120.42,22.48,123.68
1744100023.288,19.36,17.38,18.80,90.70,37.83,-94.81,178.75,108.30,191.45,-120.18,23.73,122.98
1744100023.457,19.30,17.27,19.02,91.15,37.68,-95.40,178.83,107.95,191.41,-120.13,24.01,122.82
1744100023.573,19.04,16.77,20.03,93.25,36.97,-98.13,179.15,106.28,191.21,-119.96,25.36,122.11
1744100023.673,18.93,16.56,20.46,94.15,36.66,-99.30,179.28,105.54,191.10,-119.92,25.93,121.82
1744100023.790,18.93,16.56,20.46,94.15,36.66,-99.30,179.28,105.54,191.10,-119.92,25.93,121.82
1744100023.918,18.65,16.02,21.54,96.40,35.89,-102.23,179.57,103.64,190.78,-119.86,27.38,121.12
1744100024.023,18.57,15.88,21.83,97.00,35.69,-103.02,179.65,103.11,190.68,-119.86,27.77,120.95
1744100024.158,18.38,15.52,22.55,98.49,35.18,-104.97,179.81,101.79,190.41,-119.89,28.73,120.52
1744100024.258,18.27,15.30,22.98,99.39,34.87,-106.14,179.90,100.98,190.23,-119.93,29.31,120.28
1744100024.367,18.23,15.23,23.13,99.70,34.77,-106.54,179.93,100.71,190.17,-119.95,29.51,120.20
1744100024.474,18.14,15.05,23.49,100.46,34.51,-107.52,180.00,100.01,190.00,-120.00,29.99,120.00
1744100024.613,18.22,15.21,23.17,99.78,34.74,-106.64,179.94,100.63,190.15,-119.95,29.56,120.18
1744100024.766,18.45,15.64,22.30,97.98,35.35,-104.30,179.76,102.25,190.51,-119.88,28.40,120.67
1744100024.905,18.54,15.82,21.94,97.23,35.61,-103.32,179.67,102.91,190.64,-119.86,27.92,120.88
1744100025.083,18.80,16.32,20.93,95.13,36.32,-100.58,179.41,104.72,190.97,-119.88,26.57,121.51
1744100025.187,18.92,16.54,20.50,94.23,36.63,-99.41,179.29,105.47,191.09,-119.91,25.99,121.80
1744100025.307,18.92,16.54,20.50,94.23,36.63,-99.41,179.29,105.47,191.09,-119.91,25.99,121.80
1744100025.418,19.18,17.04,19.49,92.13,37.34,-96.68,178.98,107.18,191.33,-120.04,24.64,122.49
1744100025.593,19.29,17.25,19.06,91.23,37.65,-95.51,178.84,107.89,191.41,-120.13,24.06,122.79
1744100025.703,19.50,17.64,18.27,89.58,38.21,-93.36,178.57,109.15,191.52,-120.31,23.02,123.37
1744100025.853,19.59,17.82,17.91,88.83,38.47,-92.38,178.44,109.72,191.56,-120.41,22.54,123.65
1744100026.020,19.85,18.33,16.90,86.73,39.18,-89.64,178.07,111.23,191.63,-120.74,21.21,124.43
1744100026.138,19.93,18.47,16.61,86.13,39.39,-88.86,177.96,111.65,191.64,-120.85,20.84,124.66
1744100026.246,20.08,18.75,16.03,84.93,39.80,-87.30,177.74,112.47,191.64,-121.08,20.09,125.12
1744100026.351,20.22,19.04,15.46,83.73,40.20,-85.74,177.52,113.27,191.62,-121.33,19.35,125.59
1744100026.464,20.28,19.15,15.24,83.28,40.36,-85.15,177.43,113.56,191.61,-121.44,19.08,125.77
1744100026.610,20.51,19.58,14.38,81.48,40.97,-82.81,177.09,114.69,191.54,-121.87,17.98,126.49
1744100026.748,20.62,19.79,13.94,80.58,41.27,-81.64,176.92,115.23,191.49,-122.11,17.44,126.86
1744100026.905,20.84,20.22,13.08,78.78,41.89,-79.29,176.57,116.27,191.35,-122.62,16.37,127.61
1744100027.035,20.94,20.40,12.72,78.03,42.14,-78.31,176.42,116.69,191.28,-122.85,15.93,127.93
1744100027.204,21.18,20.86,11.78,76.08,42.81,-75.77,176.05,117.73,191.07,-123.48,14.81,128.75
1744100027.304,21.29,21.08,11.35,75.18,43.11,-74.60,175.88,118.18,190.96,-123.79,14.29,129.14
1744100027.418,21.31,21.12,11.28,75.03,43.16,-74.40,175.86,118.26,190.94,-123.85,14.21,129.21
1744100027.518,21.53,21.54,10.41,73.23,43.78,-72.06,175.52,119.11,190.69,-124.51,13.20,129.99
1744100027.685,21.63,21.72,10.05,72.48,44.03,-71.09,175.39,119.45,190.58,-124.79,12.80,130.32
1744100027.804,21.85,22.15,9.19,70.68,44.64,-68.74,175.07,120.22,190.28,-125.51,11.83,131.12
1744100027.907,21.96,22.37,8.75,69.78,44.95,-67.57,174.91,120.58,190.12,-125.89,11.36,131.52
1744100028.120,22.21,22.83,7.82,67.83,45.61,-65.02,174.59,121.32,189.74,-126.75,10.35,132.39
1744100028.310,22.30,23.01,7.46,67.08,45.87,-64.05,174.48,121.58,189.59,-127.09,9.98,132.73
1744100028.424,22.54,23.48,6.52,65.13,46.53,-61.51,174.18,122.21,189.17,-128.02,9.03,133.62
1744100028.589,22.66,23.69,6.09,64.23,46.84,-60.33,174.06,122.48,188.96,-128.46,8.60,134.03
1744100028.715,22.88,24.12,5.22,62.43,47.45,-57.99,173.82,122.98,188.53,-129.37,7.77,134.85
1744100028.850,22.97,24.30,4.86,61.69,47.71,-57.02,173.73,123.16,188.35,-129.77,7.44,135.20
1744100028.971,23.16,24.66,4.14,60.18,48.22,-55.06,173.56,123.51,187.97,-130.58,6.78,135.89
1744100029.071,23.27,24.87,3.71,59.28,48.52,-53.89,173.47,123.70,187.74,-131.07,6.41,136.31
1744100029.185,23.31,24.94,3.57,58.99,48.63,-53.50,173.44,123.76,187.66,-131.24,6.28,136.45
1744100029.297,23.52,25.34,2.77,57.33,49.19,-51.34,173.30,124.05,187.22,-132.18,5.62,137.22
1744100029.426,23.63,25.55,2.34,56.43,49.50,-50.17,173.23,124.19,186.97,-132.71,5.27,137.65
1744100029.599,23.87,26.02,1.40,54.49,50.16,-47.64,173.11,124.45,186.43,-133.88,4.55,138.56
1744100029.845,24.02,26.30,0.82,53.28,50.57,-46.07,173.05,124.58,186.08,-134.62,4.13,139.13
1744100029.946,24.25,26.73,-0.04,51.48,51.18,-43.72,173.00,124.72,185.56,-135.76,3.53,139.99
1744100030.049,24.36,26.95,-0.47,50.58,51.49,-42.55,172.99,124.77,185.30,-136.35,3.25,140.42
1744100030.204,24.55,27.30,-1.19,49.09,51.99,-40.60,172.99,124.82,184.86,-137.33,2.81,141.14
1744100030.305,24.66,27.52,-1.62,48.19,52.30,-39.43,173.00,124.84,184.59,-137.93,2.55,141.58
1744100030.419,24.70,27.59,-1.77,47.88,52.41,-39.03,173.00,124.84,184.50,-138.14,2.47,141.73
1744100030.521,24.90,27.98,-2.56,46.23,52.97,-36.89,173.06,124.82,184.01,-139.27,2.04,142.54
1744100030.680,24.98,28.13,-2.85,45.63,53.17,-36.10,173.08,124.81,183.83,-139.69,1.90,142.83
1744100030.806,25.22,28.59,-3.79,43.69,53.83,-33.57,173.20,124.72,183.26,-141.06,1.46,143.80
1744100030.907,25.33,28.81,-4.22,42.79,54.14,-32.40,173.27,124.65,183.00,-141.70,1.28,144.25
1744100031.048,25.39,28.91,-4.43,42.34,54.29,-31.81,173.31,124.62,182.86,-142.03,1.19,144.47
1744100031.157,25.61,29.34,-5.30,40.54,54.90,-29.47,173.50,124.45,182.34,-143.34,0.87,145.38
1744100031.343,25.72,29.56,-5.73,39.64,55.21,-28.29,173.61,124.35,182.08,-144.01,0.73,145.84
1744100031.467,25.97,30.02,-6.67,37.68,55.88,-25.75,173.88,124.08,181.54,-145.47,0.46,146.86
1744100031.590,26.04,30.17,-6.96,37.09,56.08,-24.98,173.97,123.99,181.37,-145.92,0.39,147.17
1744100031.766,26.30,30.67,-7.97,34.98,56.79,-22.23,174.34,123.64,180.80,-147.54,0.18,148.29
1744100031.897,26.38,30.81,-8.25,34.39,57.00,-21.46,174.45,123.53,180.65,-148.00,0.14,148.60
1744100032.054,26.62,31.28,-9.19,32.44,57.66,-18.92,174.86,123.13,180.15,-149.53,0.02,149.67
1744100032.169,26.69,31.40,-9.44,31.91,57.84,-18.23,174.98,123.02,180.02,-149.94,0.00,149.96
1744100032.304,26.70,31.42,-9.48,31.84,57.86,-18.14,175.00,123.01,179.99,-150.00,-0.00,150.00
1744100032.404,26.93,31.72,-9.26,32.02,57.31,-18.28,175.09,123.97,178.49,-149.97,-0.01,149.99
1744100032.525,27.04,31.87,-9.15,32.11,57.04,-18.35,175.13,124.44,177.75,-149.96,-0.02,149.99
1744100032.634,27.72,32.77,-8.49,32.65,55.40,-18.76,175.30,127.24,173.24,-149.91,-0.04,149.98
1744100032.734,28.06,33.22,-8.16,32.93,54.57,-18.97,175.34,128.62,170.96,-149.90,-0.04,149.98
1744100032.865,28.06,33.22,-8.16,32.93,54.57,-18.97,175.34,128.62,170.96,-149.90,-0.04,149.98
1744100032.974,28.86,34.27,-7.38,33.56,52.65,-19.46,175.31,131.76,165.61,-149.90,-0.04,149.98
1744100033.134,29.15,34.65,-7.11,33.79,51.97,-19.63,175.26,132.85,163.70,-149.92,-0.03,149.98
1744100033.276,29.89,35.62,-6.39,34.38,50.19,-20.08,175.04,135.62,158.70,-149.99,-0.01,150.00
1744100033.457,29.99,35.75,-6.29,34.46,49.94,-20.15,175.00,136.00,158.00,-150.00,-0.00,150.00
1744100033.566,29.95,35.77,-6.08,34.57,49.78,-20.35,175.00,135.84,157.51,-150.00,-0.00,150.00
1744100033.788,29.85,35.80,-5.55,34.86,49.36,-20.88,175.01,135.42,156.24,-150.00,-0.00,150.00
1744100033.889,29.72,35.80,-5.06,35.12,49.03,-21.36,175.01,134.91,155.21,-150.00,-0.00,150.00
1744100034.008,29.54,35.53,-5.32,34.92,49.55,-21.17,175.10,134.28,156.71,-149.96,-0.02,149.99
1744100034.134,28.98,34.72,-6.14,34.31,51.20,-20.57,175.30,132.23,161.39,-149.89,-0.05,149.97
1744100034.234,28.67,34.27,-6.59,33.98,52.10,-20.24,175.36,131.07,163.93,-149.86,-0.06,149.97
1744100034.342,28.46,33.97,-6.90,33.75,52.70,-20.02,175.39,130.27,165.63,-149.85,-0.06,149.96
1744100034.513,27.85,33.08,-7.80,33.08,54.50,-19.36,175.38,127.83,170.68,-149.86,-0.06,149.96
1744100034.654,27.54,32.64,-8.25,32.75,55.40,-19.04,175.32,126.57,173.19,-149.88,-0.05,149.97
1744100034.778,27.02,31.89,-9.00,32.19,56.91,-18.49,175.16,124.41,177.36,-149.94,-0.02,149.98
1744100034.879,26.73,31.47,-9.43,31.88,57.76,-18.18,175.02,123.16,179.70,-149.99,-0.00,150.00
1744100035.001,26.70,31.42,-9.48,31.84,57.86,-18.14,175.00,123.00,180.00,-150.00,0.00,150.00
1744100035.102,26.66,31.35,-9.35,32.12,57.77,-18.50,174.94,123.06,180.07,-149.78,0.01,149.85
1744100035.259,26.59,31.21,-9.06,32.72,57.57,-19.28,174.80,123.19,180.22,-149.31,0.04,149.52
1744100035.410,26.32,30.71,-8.05,34.81,56.85,-22.01,174.37,123.61,180.76,-147.67,0.17,148.38
1744100035.555,26.25,30.56,-7.76,35.42,56.65,-22.80,174.26,123.71,180.92,-147.21,0.22,148.05
1744100035.669,26.03,30.14,-6.90,37.22,56.03,-25.14,173.95,124.01,181.41,-145.83,0.40,147.10
1744100035.770,25.93,29.96,-6.54,37.96,55.78,-26.11,173.84,124.12,181.61,-145.26,0.49,146.71
1744100035.945,25.73,29.56,-5.75,39.61,55.22,-28.26,173.61,124.34,182.08,-144.03,0.72,145.86
1744100036.045,25.61,29.35,-5.31,40.51,54.91,-29.43,173.50,124.45,182.33,-143.36,0.86,145.40
1744100036.182,25.48,29.10,-4.81,41.56,54.56,-30.80,173.39,124.55,182.64,-142.59,1.04,144.86
1744100036.292,25.33,28.81,-4.23,42.76,54.15,-32.36,173.28,124.65,182.99,-141.72,1.27,144.26
1744100036.406,25.24,28.63,-3.87,43.52,53.89,-33.35,173.22,124.70,183.21,-141.18,1.42,143.88
1744100036.568,25.02,28.20,-3.00,45.31,53.28,-35.69,173.10,124.80,183.74,-139.91,1.82,142.99
1744100036.717,24.92,28.03,-2.64,46.06,53.02,-36.67,173.06,124.82,183.96,-139.39,2.00,142.62
1744100036.862,24.70,27.60,-1.78,47.86,52.41,-39.01,173.00,124.84,184.49,-138.15,2.47,141.74
1744100036.993,24.59,27.38,-1.35,48.76,52.10,-40.18,172.99,124.83,184.76,-137.55,2.71,141.30
1744100037.179,24.34,26.92,-0.41,50.71,51.44,-42.73,172.99,124.76,185.34,-136.26,3.29,140.36
1744100037.333,24.25,26.74,-0.05,51.46,51.19,-43.70,173.00,124.72,185.55,-135.78,3.53,140.00
1744100037.476,24.01,26.27,0.89,53.41,50.52,-46.24,173.06,124.56,186.12,-134.54,4.17,139.07
1744100037.627,23.89,26.06,1.32,54.31,50.22,-47.42,173.10,124.47,186.38,-133.98,4.49,138.64
1744100037.755,23.69,25.66,2.11,55.96,49.65,-49.56,173.20,124.26,186.84,-132.99,5.09,137.87
1744100037.982,23.58,25.45,2.54,56.86,49.35,-50.73,173.26,124.13,187.09,-132.46,5.43,137.44
1744100038.089,23.31,24.95,3.55,58.96,48.63,-53.47,173.44,123.76,187.65,-131.25,6.27,136.46
1744100038.197,23.24,24.81,3.84,59.56,48.43,-54.25,173.50,123.64,187.81,-130.92,6.52,136.18
1744100038.333,23.03,24.41,4.63,61.21,47.87,-56.40,173.68,123.28,188.23,-130.02,7.23,135.42
1744100038.434,22.92,24.20,5.07,62.11,47.56,-57.57,173.78,123.06,188.46,-129.54,7.63,135.00
1744100038.569,22.87,24.09,5.28,62.56,47.41,-58.15,173.84,122.94,188.57,-129.31,7.83,134.80
1744100038.699,22.62,23.62,6.22,64.51,46.74,-60.70,174.10,122.40,189.02,-128.32,8.73,133.90
1744100038.802,22.51,23.41,6.65,65.41,46.44,-61.87,174.22,122.13,189.23,-127.88,9.16,133.49
1744100038.982,22.30,23.02,7.44,67.06,45.88,-64.02,174.47,121.59,189.58,-127.10,9.97,132.74
1744100039.083,22.19,22.80,7.88,67.96,45.57,-65.19,174.61,121.27,189.77,-126.69,10.42,132.34
1744100039.187,22.19,22.80,7.88,67.96,45.57,-65.19,174.61,121.27,189.77,-126.69,10.42,132.34
1744100039.292,21.97,22.37,8.74,69.76,44.96,-67.53,174.91,120.59,190.11,-125.90,11.34,131.53
1744100039.475,21.86,22.16,9.17,70.66,44.65,-68.71,175.06,120.23,190.27,-125.53,11.81,131.13
1744100039.597,21.63,21.73,10.04,72.46,44.04,-71.05,175.38,119.46,190.57,-124.80,12.78,130.33
1744100039.733,21.52,21.51,10.47,73.36,43.73,-72.22,175.55,119.05,190.71,-124.46,13.27,129.94
1744100039.891,21.29,21.09,11.34,75.16,43.12,-74.57,175.88,118.19,190.96,-123.80,14.28,129.15
1744100040.017,21.20,20.91,11.70,75.90,42.87,-75.54,176.02,117.82,191.05,-123.54,14.70,128.83
1744100040.134,21.01,20.55,12.42,77.41,42.36,-77.50,176.31,117.03,191.22,-123.05,15.57,128.19
1744100040.235,20.90,20.33,12.85,78.31,42.05,-78.67,176.48,116.54,191.31,-122.77,16.09,127.81
1744100040.358,20.85,20.23,13.07,78.76,41.90,-79.26,176.56,116.29,191.35,-122.63,16.36,127.62
1744100040.468,20.64,19.83,13.86,80.40,41.34,-81.40,176.88,115.34,191.47,-122.16,17.33,126.93
1744100040.568,20.53,19.62,14.29,81.30,41.03,-82.57,177.06,114.80,191.53,-121.92,17.87,126.57
1744100040.692,20.45,19.48,14.58,81.91,40.82,-83.36,177.17,114.43,191.56,-121.77,18.24,126.32
1744100040.792,20.28,19.15,15.23,83.26,40.36,-85.12,177.43,113.58,191.61,-121.44,19.06,125.78
1744100040.913,20.21,19.01,15.52,83.86,40.16,-85.90,177.54,113.18,191.63,-121.31,19.43,125.54
1744100041.042,20.00,18.62,16.31,85.51,39.60,-88.05,177.85,112.08,191.64,-120.96,20.45,124.89
1744100041.198,19.89,18.40,16.74,86.41,39.29,-89.22,178.01,111.46,191.64,-120.80,21.01,124.55
1744100041.341,19.67,17.97,17.61,88.21,38.68,-91.57,178.33,110.17,191.59,-120.50,22.14,123.87
1744100041.462,19.59,17.83,17.90,88.81,38.48,-92.35,178.44,109.73,191.56,-120.41,22.52,123.65
1744100041.654,19.31,17.29,18.98,91.06,37.71,-95.28,178.81,108.02,191.42,-120.14,23.96,122.85
1744100041.769,19.22,17.11,19.34,91.81,37.46,-96.26,178.93,107.43,191.36,-120.07,24.43,122.60
1744100041.870,19.07,16.83,19.91,93.00,37.05,-97.81,179.11,106.48,191.24,-119.98,25.20,122.19
1744100041.970,18.96,16.61,20.34,93.90,36.74,-98.99,179.24,105.74,191.13,-119.93,25.78,121.90
1744100042.080,18.88,16.47,20.63,94.51,36.54,-99.77,179.33,105.24,191.06,-119.90,26.17,121.71
1744100042.230,18.68,16.08,21.43,96.15,35.98,-101.92,179.54,103.85,190.82,-119.86,27.23,121.20
1744100042.407,18.54,15.83,21.93,97.21,35.62,-103.29,179.67,102.93,190.65,-119.86,27.90,120.89
1744100042.536,18.32,15.40,22.80,99.01,35.00,-105.63,179.87,101.33,190.31,-119.91,29.06,120.38
1744100042.677,18.23,15.22,23.16,99.75,34.75,-106.61,179.94,100.66,190.16,-119.95,29.54,120.18
1744100042.801,18.14,15.06,23.48,100.44,34.52,-107.50,180.00,100.03,190.01,-120.00,29.98,120.01
1744100042.903,18.24,15.23,23.12,99.69,34.77,-106.53,179.93,100.71,190.17,-119.95,29.50,120.20
1744100043.027,18.25,15.27,23.06,99.55,34.82,-106.34,179.92,100.84,190.20,-119.94,29.41,120.24
1744100043.138,18.50,15.73,22.12,97.59,35.49,-103.79,179.72,102.59,190.58,-119.87,28.15,120.77
1744100043.258,18.61,15.95,21.68,96.69,35.79,-102.62,179.61,103.38,190.73,-119.86,27.57,121.04
1744100043.369,18.76,16.23,21.11,95.50,36.20,-101.06,179.46,104.41,190.92,-119.87,26.80,121.40
1744100043.469,18.87,16.45,20.68,94.60,36.51,-99.89,179.34,105.17,191.04,-119.90,26.22,121.68
1744100043.602,18.93,16.56,20.46,94.15,36.66,-99.30,179.28,105.54,191.10,-119.92,25.93,121.82
1744100043.703,19.13,16.95,19.67,92.49,37.22,-97.15,179.04,106.89,191.29,-120.02,24.87,122.36
1744100043.804,19.25,17.17,19.23,91.59,37.53,-95.97,178.90,107.60,191.38,-120.09,24.29,122.67
1744100043.928,19.26,17.20,19.16,91.45,37.58,-95.79,178.87,107.72,191.39,-120.11,24.20,122.72
1744100044.042,19.51,17.67,18.23,89.49,38.24,-93.24,178.56,109.22,191.53,-120.32,22.96,123.41
1744100044.168,19.60,17.84,17.87,88.75,38.50,-92.27,178.43,109.78,191.57,-120.42,22.48,123.68
1744100044.271,19.77,18.17,17.22,87.40,38.96,-90.51,178.19,110.76,191.62,-120.63,21.63,124.18
1744100044.372,19.88,18.38,16.79,86.50,39.26,-89.34,178.03,111.40,191.64,-120.78,21.07,124.51
1744100044.507,19.92,18.45,16.64,86.19,39.37,-88.94,177.97,111.61,191.64,-120.84,20.88,124.63
1744100044.629,20.16,18.92,15.70,84.25,40.03,-86.41,177.61,112.93,191.63,-121.22,19.67,125.39
1744100044.770,20.27,19.13,15.27,83.35,40.33,-85.24,177.45,113.52,191.61,-121.42,19.12,125.74
1744100044.975,20.55,19.67,14.19,81.10,41.10,-82.30,177.02,114.92,191.52,-121.97,17.75,126.65
1744100045.113,20.65,19.85,13.83,80.34,41.36,-81.32,176.87,115.38,191.47,-122.18,17.30,126.96
1744100045.239,20.85,20.24,13.04,78.69,41.92,-79.17,176.55,116.33,191.34,-122.65,16.32,127.65
1744100045.378,20.97,20.46,12.60,77.79,42.22,-78.00,176.38,116.82,191.26,-122.93,15.79,128.03
1744100045.481,21.13,20.78,11.95,76.44,42.68,-76.24,176.12,117.54,191.12,-123.36,15.01,128.60
1744100045.583,21.25,20.99,11.52,75.54,42.99,-75.07,175.95,118.00,191.01,-123.67,14.50,128.99
1744100045.693,21.30,21.10,11.31,75.09,43.14,-74.49,175.87,118.22,190.95,-123.82,14.24,129.18
1744100045.817,21.51,21.49,10.51,73.45,43.70,-72.34,175.56,119.01,190.72,-124.42,13.32,129.90
1744100045.918,21.62,21.71,10.08,72.55,44.01,-71.17,175.40,119.42,190.59,-124.77,12.83,130.29
1744100046.035,21.69,21.85,9.79,71.94,44.21,-70.38,175.29,119.69,190.49,-125.00,12.50,130.56
1744100046.135,21.86,22.17,9.14,70.59,44.67,-68.62,175.05,120.26,190.26,-125.55,11.78,131.16
1744100046.236,21.98,22.39,8.71,69.69,44.98,-67.45,174.90,120.62,190.10,-125.93,11.31,131.56
1744100046.351,22.01,22.46,8.57,69.40,45.08,-67.06,174.85,120.73,190.04,-126.06,11.15,131.69
