timestamp,joint_angles,cartesian_pose
1744100751.368,26.70,31.46,-9.47,31.84,57.86,-18.14,175.01,123.00,179.94,-150.01,-0.01,150.01
1744100751.486,26.67,31.37,-9.39,32.02,57.80,-18.38,174.96,123.04,180.05,-149.85,0.01,149.90
1744100751.684,26.58,31.20,-9.04,32.75,57.55,-19.33,174.79,123.20,180.23,-149.28,0.04,149.50
1744100751.794,26.32,30.70,-8.03,34.86,56.84,-22.07,174.36,123.61,180.77,-147.64,0.17,148.35
1744100751.915,26.23,30.52,-7.67,35.60,56.58,-23.04,174.22,123.75,180.97,-147.06,0.24,147.95
1744100752.089,26.00,30.09,-6.80,37.40,55.97,-25.39,173.92,124.04,181.46,-145.69,0.42,147.00
1744100752.218,25.91,29.91,-6.45,38.15,55.72,-26.36,173.81,124.15,181.67,-145.12,0.52,146.61
1744100752.350,25.70,29.52,-5.65,39.81,55.15,-28.52,173.59,124.37,182.13,-143.88,0.75,145.76
1744100752.451,25.59,29.30,-5.22,40.71,54.85,-29.69,173.48,124.47,182.39,-143.22,0.90,145.30
1744100752.570,25.55,29.23,-5.07,41.00,54.75,-30.08,173.45,124.50,182.48,-143.00,0.95,145.15
1744100752.676,25.33,28.80,-4.21,42.80,54.13,-32.42,173.27,124.66,183.00,-141.69,1.28,144.24
1744100752.811,25.24,28.62,-3.85,43.55,53.88,-33.39,173.21,124.71,183.22,-141.15,1.43,143.86
1744100752.947,25.03,28.23,-3.06,45.21,53.31,-35.55,173.11,124.79,183.71,-139.98,1.80,143.04
1744100753.048,24.92,28.01,-2.62,46.11,53.01,-36.72,173.06,124.82,183.97,-139.35,2.01,142.60
1744100753.185,24.82,27.84,-2.26,46.85,52.75,-37.70,173.03,124.83,184.20,-138.84,2.20,142.23
1744100753.295,24.64,27.48,-1.54,48.36,52.24,-39.65,172.99,124.83,184.64,-137.82,2.60,141.50
1744100753.487,24.52,27.26,-1.11,49.26,51.94,-40.83,172.98,124.82,184.91,-137.22,2.86,141.06
1744100753.593,24.30,26.83,-0.24,51.06,51.32,-43.17,172.99,124.74,185.44,-136.04,3.40,140.20
1744100753.780,24.21,26.66,0.11,51.80,51.07,-44.14,173.01,124.70,185.65,-135.56,3.64,139.84
1744100753.893,23.96,26.19,1.05,53.76,50.41,-46.69,173.07,124.53,186.22,-134.33,4.29,138.91
1744100754.031,23.87,26.01,1.41,54.50,50.15,-47.66,173.11,124.45,186.43,-133.87,4.56,138.55
1744100754.209,23.61,25.51,2.42,56.60,49.44,-50.39,173.24,124.17,187.02,-132.61,5.33,137.57
1744100754.314,23.55,25.40,2.64,57.05,49.28,-50.98,173.28,124.10,187.14,-132.35,5.51,137.35
1744100754.419,23.38,25.08,3.28,58.40,48.82,-52.74,173.39,123.87,187.50,-131.57,6.04,136.72
1744100754.519,23.27,24.87,3.72,59.30,48.52,-53.91,173.47,123.69,187.74,-131.06,6.41,136.30
1744100754.683,23.22,24.76,3.93,59.75,48.37,-54.50,173.52,123.60,187.86,-130.81,6.60,136.09
1744100754.789,22.97,24.29,4.87,61.70,47.70,-57.04,173.73,123.16,188.36,-129.76,7.45,135.19
1744100754.984,22.86,24.08,5.30,62.60,47.39,-58.21,173.84,122.93,188.58,-129.29,7.85,134.78
1744100755.116,22.60,23.58,6.31,64.70,46.68,-60.94,174.12,122.35,189.07,-128.23,8.82,133.81
1744100755.223,22.49,23.37,6.74,65.60,46.37,-62.12,174.25,122.07,189.27,-127.79,9.25,133.40
1744100755.338,22.47,23.33,6.82,65.75,46.32,-62.32,174.27,122.02,189.30,-127.72,9.32,133.33
1744100755.444,22.22,22.86,7.76,67.71,45.66,-64.86,174.57,121.36,189.71,-126.81,10.29,132.45
1744100755.627,22.07,22.58,8.33,68.90,45.25,-66.42,174.77,120.92,189.95,-126.27,10.90,131.91
1744100755.730,21.91,22.26,8.98,70.25,44.79,-68.18,174.99,120.40,190.20,-125.69,11.60,131.31
1744100755.880,21.79,22.04,9.41,71.15,44.48,-69.35,175.15,120.03,190.36,-125.32,12.08,130.91
1744100756.046,21.55,21.57,10.35,73.11,43.82,-71.89,175.50,119.17,190.67,-124.55,13.14,130.05
1744100756.147,21.44,21.36,10.78,74.01,43.51,-73.07,175.66,118.75,190.80,-124.22,13.63,129.65
1744100756.273,21.38,21.25,11.00,74.46,43.36,-73.65,175.75,118.54,190.87,-124.05,13.88,129.46
1744100756.381,21.18,20.86,11.79,76.10,42.80,-75.80,176.06,117.72,191.08,-123.48,14.82,128.75
1744100756.497,21.08,20.68,12.15,76.85,42.55,-76.77,176.20,117.33,191.16,-123.23,15.24,128.43
1744100756.659,20.86,20.25,13.01,78.65,41.93,-79.12,176.54,116.35,191.34,-122.66,16.29,127.67
1744100756.788,20.76,20.07,13.38,79.41,41.68,-80.10,176.69,115.92,191.40,-122.44,16.74,127.35
1744100756.943,20.54,19.64,14.24,81.21,41.06,-82.45,177.04,114.86,191.52,-121.95,17.81,126.61
1744100757.172,20.45,19.46,14.60,81.95,40.81,-83.42,177.18,114.40,191.56,-121.75,18.27,126.30
1744100757.272,20.19,18.96,15.61,84.05,40.10,-86.15,177.58,113.06,191.63,-121.26,19.55,125.46
1744100757.403,20.07,18.75,16.04,84.95,39.79,-87.32,177.75,112.46,191.64,-121.08,20.10,125.11
1744100757.519,19.90,18.43,16.69,86.30,39.33,-89.08,177.99,111.54,191.64,-120.82,20.94,124.59
1744100757.619,19.79,18.21,17.12,87.20,39.02,-90.25,178.16,110.90,191.62,-120.66,21.51,124.25
1744100757.758,19.74,18.11,17.34,87.65,38.87,-90.84,178.24,110.58,191.61,-120.59,21.79,124.08
1744100757.884,19.49,17.64,18.28,89.60,38.21,-93.38,178.57,109.14,191.52,-120.31,23.03,123.37
1744100758.007,19.40,17.46,18.64,90.35,37.95,-94.36,178.70,108.57,191.47,-120.22,23.50,123.10
1744100758.173,19.18,17.03,19.50,92.15,37.34,-96.70,178.98,107.16,191.32,-120.04,24.65,122.48
1744100758.280,19.06,16.82,19.93,93.05,37.03,-97.87,179.12,106.44,191.23,-119.98,25.23,122.18
1744100758.390,19.04,16.78,20.01,93.20,36.98,-98.07,179.14,106.32,191.21,-119.97,25.33,122.13
1744100758.495,18.80,16.32,20.94,95.15,36.32,-100.60,179.41,104.70,190.97,-119.88,26.58,121.51
1744100758.646,18.69,16.10,21.37,96.05,36.01,-101.78,179.53,103.94,190.84,-119.86,27.16,121.23
1744100758.747,18.52,15.78,22.02,97.40,35.55,-103.54,179.69,102.77,190.61,-119.86,28.03,120.83
1744100758.849,18.41,15.57,22.45,98.30,35.25,-104.71,179.79,101.97,190.45,-119.88,28.60,120.58
1744100758.954,18.33,15.42,22.74,98.90,35.04,-105.49,179.85,101.43,190.33,-119.91,28.99,120.41
1744100759.054,18.18,15.14,23.32,100.10,34.63,-107.05,179.97,100.34,190.08,-119.97,29.76,120.10
1744100759.154,18.14,15.05,23.50,100.47,34.51,-107.54,180.00,100.00,190.00,-120.00,30.00,120.00
1744100759.279,18.15,15.08,23.44,100.35,34.55,-107.38,179.99,100.11,190.03,-119.99,29.92,120.03
1744100759.420,18.37,15.50,22.60,98.59,35.15,-105.09,179.82,101.71,190.39,-119.89,28.80,120.49
1744100759.521,18.48,15.71,22.16,97.69,35.45,-103.92,179.73,102.51,190.56,-119.87,28.22,120.75
1744100759.667,18.54,15.82,21.95,97.24,35.61,-103.34,179.68,102.90,190.64,-119.86,27.93,120.88
1744100759.781,18.78,16.28,21.01,95.29,36.27,-100.79,179.43,104.58,190.95,-119.87,26.67,121.46
1744100759.905,18.86,16.43,20.72,94.70,36.47,-100.02,179.35,105.08,191.03,-119.89,26.29,121.65
1744100760.020,19.05,16.78,20.00,93.19,36.98,-98.06,179.14,106.32,191.22,-119.97,25.32,122.13
1744100760.120,19.16,17.00,19.57,92.29,37.29,-96.89,179.01,107.05,191.31,-120.03,24.74,122.43
1744100760.240,19.19,17.07,19.43,92.00,37.39,-96.50,178.96,107.28,191.34,-120.06,24.55,122.53
1744100760.342,19.42,17.50,18.56,90.20,38.00,-94.16,178.67,108.69,191.48,-120.24,23.40,123.16
1744100760.497,19.53,17.71,18.13,89.30,38.31,-92.98,178.52,109.37,191.54,-120.35,22.83,123.48
1744100760.618,19.72,18.07,17.41,87.79,38.82,-91.03,178.26,110.47,191.60,-120.56,21.88,124.03
1744100760.719,19.83,18.29,16.98,86.89,39.13,-89.85,178.10,111.12,191.63,-120.71,21.32,124.36
1744100760.840,19.87,18.36,16.83,86.60,39.23,-89.47,178.05,111.33,191.63,-120.76,21.13,124.48
1744100760.954,20.09,18.79,15.97,84.80,39.84,-87.12,177.72,112.56,191.64,-121.11,20.01,125.17
1744100761.121,20.20,19.00,15.54,83.90,40.15,-85.95,177.55,113.16,191.63,-121.30,19.45,125.52
1744100761.263,20.45,19.47,14.60,81.94,40.81,-83.41,177.18,114.41,191.56,-121.76,18.26,126.31
1744100761.370,20.52,19.61,14.31,81.34,41.02,-82.62,177.06,114.78,191.53,-121.91,17.90,126.55
1744100761.476,20.69,19.93,13.66,79.99,41.48,-80.86,176.80,115.58,191.45,-122.28,17.09,127.11
1744100761.581,20.80,20.15,13.23,79.09,41.78,-79.69,176.63,116.10,191.38,-122.53,16.55,127.48
1744100761.688,20.86,20.25,13.01,78.64,41.94,-79.10,176.54,116.36,191.34,-122.67,16.29,127.67
1744100761.895,21.16,20.83,11.86,76.25,42.75,-75.99,176.08,117.64,191.09,-123.43,14.90,128.68
1744100762.050,21.25,21.01,11.50,75.49,43.01,-75.00,175.94,118.03,191.00,-123.69,14.47,129.01
1744100762.209,21.51,21.51,10.49,73.39,43.72,-72.27,175.55,119.04,190.72,-124.44,13.29,129.92
1744100762.315,21.63,21.72,10.06,72.49,44.03,-71.10,175.39,119.45,190.58,-124.79,12.80,130.32
1744100762.520,21.85,22.15,9.19,70.69,44.64,-68.75,175.07,120.22,190.28,-125.51,11.83,131.11
1744100762.685,21.94,22.33,8.83,69.95,44.89,-67.78,174.94,120.52,190.15,-125.82,11.44,131.44
1744100762.812,22.19,22.79,7.89,67.99,45.56,-65.24,174.62,121.26,189.77,-126.68,10.43,132.32
1744100762.927,22.26,22.94,7.60,67.39,45.76,-64.45,174.52,121.47,189.65,-126.95,10.13,132.59
1744100763.094,22.51,23.40,6.67,65.45,46.43,-61.92,174.23,122.12,189.24,-127.86,9.18,133.47
1744100763.222,22.58,23.55,6.38,64.84,46.63,-61.13,174.14,122.30,189.10,-128.16,8.89,133.75
1744100763.374,22.80,23.97,5.52,63.04,47.24,-58.79,173.90,122.82,188.68,-129.06,8.05,134.57
1744100763.513,22.92,24.19,5.08,62.14,47.55,-57.62,173.79,123.05,188.46,-129.53,7.64,134.99
1744100763.618,23.09,24.51,4.43,60.79,48.01,-55.86,173.63,123.37,188.13,-130.24,7.05,135.61
1744100763.718,23.20,24.73,4.00,59.89,48.32,-54.68,173.53,123.57,187.90,-130.73,6.66,136.03
1744100763.848,23.27,24.87,3.71,59.29,48.52,-53.90,173.47,123.70,187.74,-131.07,6.41,136.31
1744100763.956,23.46,25.23,2.99,57.80,49.03,-51.95,173.34,123.97,187.34,-131.91,5.80,137.00
1744100764.104,23.57,25.44,2.56,56.90,49.34,-50.78,173.26,124.12,187.10,-132.44,5.45,137.43
1744100764.229,23.78,25.84,1.77,55.24,49.90,-48.62,173.15,124.36,186.64,-133.42,4.82,138.21
1744100764.329,23.89,26.05,1.33,54.34,50.21,-47.45,173.10,124.47,186.38,-133.97,4.50,138.63
1744100764.464,23.93,26.12,1.19,54.04,50.31,-47.06,173.09,124.50,186.30,-134.15,4.39,138.77
1744100764.567,24.15,26.55,0.33,52.24,50.92,-44.72,173.02,124.66,185.78,-135.28,3.78,139.63
1744100764.681,24.23,26.69,0.04,51.64,51.12,-43.93,173.00,124.71,185.61,-135.66,3.58,139.92
1744100764.791,24.30,26.84,-0.25,51.05,51.33,-43.16,172.99,124.74,185.43,-136.04,3.40,140.20
1744100764.893,24.52,27.27,-1.11,49.25,51.94,-40.82,172.98,124.82,184.90,-137.22,2.85,141.07
1744100764.997,24.58,27.37,-1.33,48.80,52.09,-40.23,172.99,124.83,184.77,-137.52,2.72,141.28
1744100765.120,24.77,27.73,-2.05,47.29,52.60,-38.27,173.02,124.84,184.33,-138.54,2.31,142.02
1744100765.221,24.88,27.95,-2.48,46.39,52.91,-37.10,173.05,124.83,184.06,-139.15,2.08,142.46
1744100765.328,24.90,27.98,-2.56,46.24,52.96,-36.90,173.06,124.82,184.01,-139.26,2.05,142.53
1744100765.449,25.14,28.45,-3.49,44.30,53.62,-34.37,173.16,124.75,183.44,-140.62,1.59,143.49
1744100765.590,25.25,28.66,-3.92,43.40,53.93,-33.20,173.22,124.70,183.17,-141.26,1.40,143.94
1744100765.716,25.44,29.02,-4.65,41.90,54.44,-31.24,173.35,124.58,182.74,-142.35,1.11,144.69
1744100765.816,25.55,29.23,-5.08,41.00,54.75,-30.07,173.45,124.50,182.47,-143.00,0.95,145.15
1744100765.942,25.57,29.27,-5.15,40.85,54.80,-29.88,173.46,124.48,182.43,-143.11,0.92,145.22
1744100766.051,25.82,29.73,-6.09,38.90,55.46,-27.33,173.70,124.25,181.88,-144.56,0.62,146.23
1744100766.247,25.93,29.95,-6.52,38.00,55.77,-26.16,173.83,124.13,181.62,-145.24,0.50,146.69
1744100766.348,26.15,30.38,-7.38,36.20,56.38,-23.82,174.12,123.85,181.13,-146.61,0.29,147.64
1744100766.488,26.25,30.56,-7.74,35.45,56.64,-22.84,174.25,123.72,180.93,-147.18,0.22,148.03
1744100766.628,26.47,30.99,-8.61,33.65,57.25,-20.50,174.60,123.38,180.46,-148.58,0.09,149.00
1744100766.861,26.58,31.20,-9.04,32.75,57.55,-19.33,174.79,123.20,180.23,-149.28,0.04,149.50
1744100766.962,26.73,31.47,-9.44,31.87,57.78,-18.16,175.02,123.15,179.76,-150.00,-0.00,150.00
1744100767.102,26.99,31.81,-9.19,32.08,57.15,-18.32,175.11,124.25,178.04,-149.97,-0.01,149.99
1744100767.233,27.62,32.63,-8.59,32.57,55.64,-18.70,175.28,126.83,173.92,-149.91,-0.03,149.98
1744100767.434,27.91,33.01,-8.31,32.80,54.95,-18.88,175.32,127.99,172.01,-149.90,-0.04,149.98
1744100767.545,28.70,34.06,-7.54,33.43,53.04,-19.36,175.33,131.14,166.69,-149.90,-0.04,149.98
1744100767.645,29.05,34.51,-7.21,33.71,52.21,-19.57,175.28,132.46,164.40,-149.91,-0.04,149.98
1744100767.757,29.16,34.66,-7.10,33.80,51.94,-19.64,175.26,132.89,163.64,-149.92,-0.03,149.98
1744100767.862,29.79,35.49,-6.49,34.30,50.43,-20.02,175.08,135.25,159.38,-149.98,-0.01,150.00
1744100768.026,29.99,35.75,-6.30,34.45,49.95,-20.14,175.00,135.98,158.03,-150.00,-0.00,150.00
1744100768.151,29.98,35.76,-6.22,34.49,49.89,-20.21,175.00,135.95,157.84,-150.00,-0.00,150.00
1744100768.329,29.88,35.79,-5.71,34.77,49.49,-20.71,175.01,135.55,156.63,-150.00,-0.00,150.00
1744100768.429,29.74,35.83,-5.02,35.14,48.96,-21.39,175.00,135.00,155.00,-150.00,0.00,150.00
1744100768.536,29.63,35.67,-5.19,35.02,49.29,-21.27,175.06,134.60,155.94,-149.98,-0.01,150.00
1744100768.678,29.17,35.00,-5.86,34.52,50.63,-20.78,175.24,132.94,159.78,-149.91,-0.04,149.98
1744100768.780,28.86,34.55,-6.31,34.19,51.53,-20.45,175.33,131.80,162.33,-149.88,-0.05,149.97
1744100768.944,28.66,34.26,-6.61,33.96,52.14,-20.23,175.37,131.02,164.03,-149.86,-0.06,149.97
1744100769.059,27.99,33.29,-7.59,33.24,54.09,-19.51,175.39,128.40,169.52,-149.86,-0.06,149.96
1744100769.172,27.78,32.99,-7.89,33.02,54.68,-19.30,175.37,127.58,171.18,-149.86,-0.06,149.96
1744100769.381,27.01,31.88,-9.01,32.18,56.93,-18.48,175.15,124.37,177.43,-149.95,-0.02,149.98
1744100769.490,26.81,31.58,-9.31,31.96,57.53,-18.26,175.06,123.49,179.09,-149.98,-0.01,149.99
1744100769.636,26.69,31.41,-9.47,31.85,57.86,-18.16,175.00,123.00,180.00,-149.99,0.00,149.99
1744100769.820,26.61,31.25,-9.14,32.55,57.62,-19.07,174.84,123.16,180.18,-149.44,0.03,149.60
1744100769.934,26.38,30.82,-8.27,34.35,57.01,-21.41,174.46,123.52,180.64,-148.03,0.13,148.62
1744100770.039,26.27,30.60,-7.84,35.25,56.70,-22.59,174.29,123.69,180.87,-147.33,0.20,148.14
1744100770.185,26.10,30.28,-7.19,36.60,56.24,-24.34,174.05,123.92,181.24,-146.30,0.33,147.42
1744100770.285,25.99,30.07,-6.76,37.50,55.94,-25.52,173.91,124.06,181.49,-145.61,0.44,146.95
1744100770.447,25.84,29.78,-6.18,38.71,55.53,-27.09,173.73,124.23,181.82,-144.70,0.59,146.32
1744100770.552,25.69,29.49,-5.60,39.91,55.12,-28.65,173.57,124.38,182.16,-143.81,0.77,145.71
1744100770.744,25.58,29.28,-5.17,40.81,54.81,-29.82,173.47,124.48,182.42,-143.14,0.91,145.25
1744100770.855,25.35,28.85,-4.31,42.61,54.20,-32.16,173.29,124.64,182.94,-141.83,1.24,144.34
1744100771.036,25.26,28.67,-3.95,43.35,53.95,-33.14,173.23,124.69,183.16,-141.29,1.39,143.96
1744100771.177,24.98,28.13,-2.87,45.60,53.18,-36.07,173.08,124.81,183.83,-139.70,1.89,142.85
1744100771.302,24.90,27.99,-2.58,46.21,52.97,-36.85,173.06,124.82,184.00,-139.29,2.04,142.55
1744100771.489,24.64,27.49,-1.57,48.30,52.26,-39.58,173.00,124.83,184.63,-137.85,2.59,141.52
1744100771.589,24.53,27.28,-1.14,49.20,51.95,-40.76,172.99,124.82,184.89,-137.25,2.84,141.09
1744100771.703,24.51,27.24,-1.06,49.36,51.90,-40.96,172.98,124.81,184.94,-137.15,2.88,141.01
1744100771.815,24.27,26.77,-0.12,51.31,51.24,-43.50,173.00,124.73,185.51,-135.87,3.48,140.07
1744100771.928,24.19,26.63,0.16,51.90,51.04,-44.27,173.01,124.69,185.68,-135.49,3.67,139.79
1744100772.087,23.97,26.20,1.03,53.70,50.42,-46.62,173.07,124.54,186.20,-134.36,4.27,138.93
1744100772.187,23.86,25.99,1.46,54.60,50.12,-47.79,173.12,124.44,186.46,-133.81,4.59,138.51
1744100772.320,23.82,25.92,1.61,54.91,50.01,-48.19,173.13,124.40,186.54,-133.62,4.70,138.36
1744100772.428,23.58,25.45,2.54,56.85,49.35,-50.72,173.26,124.13,187.09,-132.46,5.43,137.45
1744100772.538,23.46,25.24,2.97,57.75,49.05,-51.89,173.33,123.98,187.33,-131.94,5.78,137.03
1744100772.658,23.33,24.99,3.48,58.81,48.69,-53.27,173.43,123.79,187.61,-131.34,6.21,136.53
1744100772.769,23.20,24.73,3.98,59.86,48.33,-54.64,173.53,123.58,187.89,-130.75,6.65,136.04
1744100772.947,23.13,24.59,4.27,60.45,48.13,-55.41,173.59,123.45,188.04,-130.43,6.90,135.77
1744100773.054,22.88,24.13,5.21,62.41,47.46,-57.96,173.82,122.98,188.53,-129.39,7.76,134.87
1744100773.159,22.77,23.91,5.64,63.31,47.16,-59.13,173.93,122.75,188.74,-128.93,8.17,134.45
1744100773.278,22.62,23.63,6.22,64.50,46.75,-60.69,174.10,122.40,189.02,-128.32,8.73,133.90
1744100773.378,22.51,23.41,6.65,65.40,46.44,-61.86,174.22,122.13,189.23,-127.88,9.16,133.49
1744100773.487,22.44,23.27,6.94,66.01,46.24,-62.64,174.31,121.94,189.36,-127.60,9.45,133.22
1744100773.662,22.19,22.80,7.88,67.96,45.57,-65.19,174.61,121.27,189.77,-126.69,10.42,132.34
1744100773.797,22.10,22.62,8.24,68.70,45.32,-66.16,174.73,121.00,189.91,-126.36,10.80,132.00
1744100773.947,21.87,22.20,9.10,70.50,44.71,-68.51,175.04,120.29,190.25,-125.59,11.73,131.20
1744100774.047,21.76,21.98,9.53,71.40,44.40,-69.68,175.19,119.92,190.40,-125.22,12.21,130.80
1744100774.197,21.71,21.87,9.75,71.85,44.25,-70.26,175.27,119.73,190.48,-125.04,12.45,130.60
1744100774.311,21.46,21.41,10.68,73.80,43.58,-72.80,175.63,118.85,190.77,-124.29,13.52,129.74
1744100774.496,21.37,21.23,11.05,74.55,43.33,-73.78,175.77,118.49,190.88,-124.02,13.94,129.41
1744100774.597,21.14,20.80,11.91,76.35,42.71,-76.13,176.10,117.59,191.11,-123.39,14.96,128.64
1744100774.712,21.07,20.66,12.20,76.95,42.51,-76.90,176.22,117.28,191.17,-123.20,15.30,128.38
1744100774.868,20.85,20.23,13.06,78.75,41.90,-79.24,176.56,116.29,191.35,-122.63,16.35,127.62
1744100774.979,20.77,20.09,13.35,79.35,41.69,-80.03,176.68,115.95,191.40,-122.46,16.71,127.37
1744100775.177,20.49,19.55,14.43,81.60,40.93,-82.96,177.11,114.62,191.54,-121.84,18.05,126.44
1744100775.316,20.42,19.40,14.72,82.20,40.72,-83.75,177.23,114.24,191.57,-121.69,18.42,126.20
1744100775.421,20.23,19.05,15.44,83.70,40.21,-85.69,177.51,113.29,191.62,-121.34,19.33,125.60
1744100775.521,20.12,18.83,15.87,84.60,39.91,-86.87,177.68,112.70,191.64,-121.15,19.89,125.25
1744100775.656,20.08,18.76,16.02,84.90,39.80,-87.26,177.74,112.49,191.64,-121.08,20.08,125.13
1744100775.790,19.82,18.26,17.03,87.00,39.09,-90.00,178.12,111.04,191.63,-120.69,21.38,124.32
1744100775.921,19.71,18.05,17.46,87.90,38.78,-91.17,178.28,110.40,191.60,-120.55,21.95,123.99
1744100776.075,19.48,17.62,18.32,89.70,38.17,-93.51,178.59,109.06,191.52,-120.30,23.09,123.33
1744100776.188,19.41,17.47,18.61,90.30,37.97,-94.30,178.69,108.60,191.48,-120.22,23.47,123.12
1744100776.344,19.18,17.04,19.48,92.10,37.35,-96.64,178.98,107.20,191.33,-120.05,24.62,122.49
1744100776.448,19.09,16.87,19.84,92.85,37.10,-97.62,179.09,106.60,191.25,-119.99,25.10,122.24
1744100776.634,18.86,16.44,20.70,94.65,36.49,-99.96,179.35,105.12,191.04,-119.89,26.26,121.66
1744100776.772,18.75,16.22,21.14,95.55,36.18,-101.13,179.47,104.36,190.91,-119.87,26.84,121.38
1744100776.973,18.49,15.72,22.14,97.65,35.47,-103.86,179.72,102.55,190.57,-119.87,28.19,120.76
1744100777.078,18.38,15.51,22.58,98.55,35.16,-105.04,179.82,101.75,190.40,-119.89,28.77,120.51
1744100777.252,18.17,15.11,23.37,100.20,34.60,-107.19,179.98,100.25,190.06,-119.98,29.83,120.07
1744100777.352,18.14,15.05,23.50,100.47,34.51,-107.54,180.00,100.00,190.00,-120.00,30.00,120.00
1744100777.495,18.20,15.16,23.27,99.99,34.67,-106.91,179.96,100.44,190.11,-119.97,29.69,120.12
1744100777.596,18.37,15.49,22.62,98.64,35.13,-105.15,179.83,101.67,190.38,-119.90,28.82,120.48
1744100777.706,18.42,15.59,22.40,98.19,35.28,-104.57,179.78,102.07,190.47,-119.88,28.53,120.61
1744100777.841,18.63,15.99,21.61,96.54,35.84,-102.42,179.59,103.51,190.76,-119.86,27.47,121.08
1744100777.942,18.76,16.24,21.11,95.49,36.20,-101.05,179.46,104.41,190.92,-119.87,26.80,121.40
1744100778.084,18.78,16.27,21.04,95.34,36.25,-100.86,179.44,104.54,190.94,-119.87,26.70,121.44
1744100778.184,19.02,16.74,20.10,93.39,36.92,-98.32,179.17,106.16,191.19,-119.96,25.45,122.07
1744100778.391,19.11,16.91,19.74,92.64,37.17,-97.35,179.06,106.77,191.27,-120.00,24.97,122.31
1744100778.518,19.39,17.45,18.66,90.39,37.94,-94.41,178.70,108.53,191.47,-120.21,23.53,123.09
1744100778.622,19.49,17.63,18.29,89.64,38.19,-93.43,178.58,109.11,191.52,-120.30,23.05,123.35
1744100778.774,19.67,17.99,17.58,88.14,38.70,-91.48,178.32,110.22,191.59,-120.51,22.10,123.90
1744100778.875,19.81,18.24,17.07,87.09,39.06,-90.11,178.14,110.98,191.62,-120.68,21.44,124.29
1744100778.986,19.84,18.31,16.93,86.79,39.16,-89.73,178.08,111.19,191.63,-120.73,21.25,124.40
1744100779.092,20.05,18.70,16.13,85.14,39.72,-87.57,177.78,112.33,191.64,-121.04,20.22,125.04
1744100779.296,20.16,18.92,15.70,84.24,40.03,-86.40,177.61,112.94,191.63,-121.22,19.66,125.39
1744100779.396,20.39,19.35,14.83,82.44,40.64,-84.05,177.27,114.10,191.58,-121.63,18.56,126.11
1744100779.497,20.50,19.56,14.40,81.54,40.95,-82.88,177.10,114.66,191.54,-121.86,18.01,126.47
1744100779.611,20.52,19.60,14.33,81.39,41.00,-82.69,177.07,114.74,191.53,-121.90,17.93,126.53
1744100779.717,20.74,20.03,13.47,79.59,41.61,-80.35,176.73,115.81,191.42,-122.39,16.85,127.27
1744100779.818,20.85,20.24,13.04,78.69,41.92,-79.17,176.55,116.33,191.34,-122.65,16.32,127.65
1744100779.948,20.98,20.49,12.53,77.64,42.28,-77.80,176.35,116.91,191.24,-122.97,15.70,128.09
1744100780.049,21.12,20.74,12.02,76.59,42.63,-76.43,176.15,117.47,191.13,-123.31,15.09,128.54
1744100780.169,21.21,20.92,11.67,75.84,42.89,-75.46,176.01,117.85,191.04,-123.57,14.67,128.86
1744100780.311,21.41,21.32,10.87,74.19,43.45,-73.31,175.70,118.66,190.83,-124.15,13.74,129.57
1744100780.411,21.53,21.53,10.44,73.29,43.76,-72.14,175.53,119.08,190.70,-124.48,13.24,129.96
1744100780.521,21.55,21.57,10.37,73.14,43.81,-71.94,175.51,119.15,190.68,-124.54,13.16,130.03
1744100780.622,21.75,21.96,9.58,71.49,44.37,-69.80,175.21,119.88,190.42,-125.18,12.26,130.76
1744100780.732,21.86,22.17,9.14,70.59,44.67,-68.62,175.05,120.26,190.26,-125.55,11.78,131.16
1744100780.883,22.05,22.53,8.42,69.09,45.19,-66.67,174.80,120.85,189.99,-126.19,11.00,131.83
1744100780.984,22.16,22.75,7.99,68.19,45.49,-65.49,174.65,121.19,189.81,-126.59,10.54,132.23
1744100781.102,22.20,22.82,7.85,67.89,45.59,-65.11,174.60,121.29,189.75,-126.72,10.38,132.36
