timestamp,joint_angles,cartesian_pose
1747200810.975,23.51,37.61,-6.64,28.22,54.74,-49.52,185.06,109.98,148.82,-156.16,-2.27,123.10
1747200811.086,23.44,37.51,-6.98,28.13,55.15,-49.38,185.19,109.80,149.89,-156.12,-2.27,123.09
1747200811.186,23.40,37.46,-7.16,28.08,55.37,-49.30,185.26,109.71,150.46,-156.10,-2.28,123.09
1747200811.344,23.38,37.44,-7.25,28.06,55.48,-49.27,185.29,109.66,150.75,-156.09,-2.28,123.08
1747200811.469,23.29,37.32,-7.67,27.95,55.99,-49.09,185.44,109.42,152.10,-156.04,-2.29,123.07
1747200811.569,23.25,37.27,-7.85,27.90,56.21,-49.01,185.50,109.32,152.68,-156.02,-2.29,123.07
1747200811.691,23.23,37.24,-7.94,27.88,56.32,-48.98,185.53,109.27,152.96,-156.01,-2.29,123.07
1747200811.805,23.15,37.14,-8.30,27.78,56.76,-48.83,185.65,109.06,154.12,-155.97,-2.29,123.06
1747200811.911,23.11,37.09,-8.48,27.73,56.98,-48.75,185.71,108.95,154.70,-155.95,-2.30,123.05
1747200812.108,23.03,36.99,-8.84,27.64,57.42,-48.60,185.81,108.73,155.85,-155.92,-2.30,123.04
1747200812.208,22.99,36.94,-9.02,27.59,57.64,-48.53,185.86,108.62,156.43,-155.91,-2.30,123.04
1747200812.374,22.99,36.93,-9.05,27.58,57.67,-48.51,185.87,108.60,156.53,-155.90,-2.30,123.04
1747200812.477,22.90,36.81,-9.47,27.47,58.18,-48.34,185.98,108.33,157.88,-155.87,-2.30,123.03
1747200812.578,22.85,36.75,-9.68,27.41,58.44,-48.25,186.03,108.19,158.55,-155.85,-2.30,123.02
1747200812.723,22.84,36.74,-9.74,27.40,58.51,-48.23,186.04,108.15,158.74,-155.85,-2.30,123.02
1747200812.835,22.75,36.63,-10.13,27.29,58.99,-48.06,186.13,107.89,160.00,-155.82,-2.31,123.01
1747200812.970,22.71,36.58,-10.31,27.25,59.21,-47.99,186.17,107.77,160.58,-155.81,-2.31,123.01
1747200813.119,22.64,36.48,-10.64,27.16,59.61,-47.85,186.23,107.54,161.63,-155.79,-2.31,123.00
1747200813.221,22.60,36.42,-10.85,27.10,59.87,-47.76,186.27,107.39,162.31,-155.77,-2.31,123.00
1747200813.386,22.58,36.40,-10.94,27.08,59.98,-47.72,186.28,107.33,162.60,-155.77,-2.31,123.00
1747200813.487,22.49,36.29,-11.32,26.97,60.45,-47.56,186.34,107.05,163.85,-155.75,-2.31,122.99
1747200813.669,22.46,36.25,-11.48,26.93,60.64,-47.50,186.36,106.94,164.33,-155.74,-2.30,122.99
1747200813.769,22.39,36.16,-11.81,26.85,61.04,-47.36,186.40,106.69,165.39,-155.72,-2.30,122.98
1747200813.873,22.34,36.10,-12.02,26.79,61.29,-47.27,186.43,106.54,166.06,-155.72,-2.30,122.98
1747200814.040,22.33,36.08,-12.08,26.77,61.37,-47.25,186.43,106.49,166.25,-155.71,-2.30,122.97
1747200814.147,22.24,35.96,-12.49,26.66,61.88,-47.07,186.47,106.17,167.60,-155.70,-2.30,122.97
1747200814.392,22.20,35.92,-12.65,26.62,62.06,-47.01,186.48,106.05,168.08,-155.70,-2.30,122.97
1747200814.494,22.10,35.78,-13.12,26.50,62.65,-46.81,186.51,105.67,169.61,-155.68,-2.29,122.96
1747200814.677,22.07,35.75,-13.25,26.46,62.79,-46.76,186.51,105.57,170.00,-155.68,-2.29,122.96
1747200814.806,21.98,35.62,-13.70,26.34,63.34,-46.57,186.52,105.21,171.44,-155.67,-2.28,122.95
1747200815.001,21.94,35.58,-13.84,26.30,63.52,-46.51,186.52,105.08,171.92,-155.67,-2.28,122.95
1747200815.127,21.85,35.46,-14.27,26.19,64.04,-46.33,186.52,104.73,173.26,-155.67,-2.27,122.95
1747200815.228,21.81,35.41,-14.45,26.14,64.26,-46.26,186.51,104.57,173.84,-155.67,-2.27,122.94
1747200815.337,21.79,35.39,-14.54,26.12,64.37,-46.22,186.51,104.50,174.12,-155.67,-2.27,122.94
1747200815.459,21.72,35.29,-14.87,26.03,64.77,-46.08,186.49,104.21,175.18,-155.67,-2.26,122.94
1747200815.559,21.68,35.24,-15.05,25.98,64.99,-46.01,186.48,104.05,175.75,-155.67,-2.25,122.94
1747200815.668,21.67,35.23,-15.10,25.97,65.06,-45.98,186.48,104.00,175.94,-155.67,-2.25,122.94
1747200815.793,21.59,35.13,-15.46,25.87,65.50,-45.83,186.45,103.68,177.09,-155.68,-2.24,122.94
1747200816.032,21.53,35.04,-15.77,25.79,65.87,-45.71,186.42,103.41,178.04,-155.68,-2.24,122.94
1747200816.133,21.46,34.96,-16.07,25.71,66.23,-45.58,186.38,103.13,179.00,-155.69,-2.23,122.94
1747200816.237,21.43,34.92,-16.18,25.68,66.38,-45.53,186.37,103.03,179.38,-155.69,-2.22,122.94
1747200816.372,21.37,34.84,-16.49,25.60,66.74,-45.41,186.33,102.75,180.33,-155.70,-2.21,122.94
1747200816.476,21.32,34.78,-16.70,25.55,67.00,-45.32,186.29,102.55,181.00,-155.71,-2.21,122.94
1747200816.605,21.29,34.74,-16.85,25.51,67.18,-45.26,186.27,102.41,181.47,-155.71,-2.20,122.94
1747200816.707,21.23,34.66,-17.12,25.43,67.51,-45.15,186.22,102.15,182.33,-155.72,-2.19,122.94
1747200816.807,21.19,34.61,-17.30,25.39,67.73,-45.07,186.18,101.98,182.90,-155.73,-2.19,122.94
1747200816.940,21.18,34.60,-17.35,25.37,67.80,-45.05,186.17,101.92,183.09,-155.73,-2.18,122.94
1747200817.060,21.10,34.49,-17.75,25.27,68.28,-44.88,186.09,101.54,184.33,-155.75,-2.17,122.94
1747200817.163,21.06,34.43,-17.93,25.22,68.50,-44.81,186.05,101.36,184.89,-155.76,-2.16,122.94
1747200817.266,21.06,34.43,-17.93,25.22,68.50,-44.81,186.05,101.36,184.89,-155.76,-2.16,122.94
1747200817.382,20.97,34.32,-18.32,25.11,68.98,-44.64,185.95,100.97,186.13,-155.78,-2.14,122.95
1747200817.483,20.93,34.27,-18.50,25.07,69.20,-44.57,185.91,100.79,186.70,-155.79,-2.14,122.95
1747200817.647,20.89,34.22,-18.68,25.02,69.41,-44.49,185.86,100.61,187.26,-155.80,-2.13,122.95
1747200817.757,20.82,34.13,-19.01,24.93,69.82,-44.36,185.76,100.27,188.30,-155.82,-2.11,122.95
1747200817.857,20.78,34.08,-19.19,24.88,70.04,-44.28,185.71,100.09,188.87,-155.84,-2.11,122.96
1747200817.966,20.78,34.08,-19.19,24.88,70.04,-44.28,185.71,100.09,188.87,-155.84,-2.11,122.96
1747200818.088,20.70,33.97,-19.58,24.78,70.51,-44.12,185.59,99.68,190.10,-155.87,-2.09,122.96
1747200818.196,20.65,33.91,-19.79,24.72,70.77,-44.03,185.52,99.46,190.75,-155.88,-2.08,122.97
1747200818.328,20.63,33.89,-19.88,24.70,70.88,-43.99,185.48,99.37,191.03,-155.89,-2.07,122.97
1747200818.443,20.55,33.79,-20.24,24.60,71.32,-43.84,185.36,98.98,192.16,-155.92,-2.05,122.98
1747200818.563,20.51,33.73,-20.42,24.56,71.53,-43.77,185.29,98.79,192.73,-155.93,-2.04,122.98
1747200818.740,20.44,33.63,-20.78,24.46,71.97,-43.62,185.15,98.40,193.85,-155.97,-2.02,122.99
1747200818.888,20.41,33.60,-20.90,24.43,72.12,-43.57,185.10,98.27,194.23,-155.98,-2.01,122.99
1747200819.000,20.36,33.53,-21.14,24.36,72.42,-43.46,185.00,98.00,195.00,-156.00,-2.00,123.00
1747200819.103,20.36,33.54,-21.11,24.37,72.38,-43.48,185.01,98.04,194.89,-156.00,-2.00,123.00
1747200819.258,20.39,33.57,-20.99,24.40,72.24,-43.53,185.06,98.17,194.54,-155.98,-2.01,122.99
1747200819.391,20.48,33.68,-20.57,24.52,71.72,-43.70,185.22,98.62,193.26,-155.94,-2.02,122.98
1747200819.516,20.51,33.72,-20.42,24.56,71.54,-43.77,185.27,98.78,192.80,-155.93,-2.03,122.98
1747200819.688,20.60,33.82,-20.03,24.66,71.07,-43.93,185.41,99.20,191.61,-155.89,-2.04,122.96
1747200819.789,20.64,33.87,-19.85,24.71,70.85,-44.00,185.47,99.39,191.06,-155.87,-2.05,122.96
1747200819.893,20.64,33.87,-19.82,24.72,70.81,-44.02,185.48,99.42,190.97,-155.87,-2.05,122.96
1747200820.026,20.73,33.98,-19.43,24.82,70.33,-44.18,185.60,99.83,189.77,-155.84,-2.06,122.95
1747200820.127,20.77,34.02,-19.25,24.87,70.11,-44.26,185.65,100.01,189.22,-155.82,-2.07,122.94
1747200820.250,20.78,34.04,-19.19,24.89,70.04,-44.28,185.67,100.08,189.04,-155.82,-2.07,122.94
1747200820.354,20.86,34.13,-18.83,24.99,69.60,-44.43,185.77,100.44,187.93,-155.79,-2.08,122.93
1747200820.493,20.90,34.18,-18.65,25.03,69.38,-44.51,185.82,100.63,187.38,-155.78,-2.08,122.93
1747200820.675,20.98,34.28,-18.26,25.14,68.90,-44.67,185.92,101.02,186.18,-155.75,-2.09,122.92
1747200820.776,21.02,34.33,-18.08,25.19,68.68,-44.74,185.96,101.20,185.63,-155.74,-2.10,122.92
1747200820.917,21.04,34.35,-17.99,25.21,68.57,-44.78,185.98,101.29,185.35,-155.73,-2.10,122.92
1747200821.040,21.13,34.45,-17.60,25.32,68.10,-44.95,186.06,101.67,184.15,-155.71,-2.11,122.91
1747200821.154,21.17,34.50,-17.42,25.36,67.88,-45.02,186.10,101.85,183.60,-155.70,-2.11,122.91
1747200821.345,21.24,34.59,-17.06,25.46,67.44,-45.17,186.16,102.19,182.48,-155.68,-2.12,122.91
1747200821.445,21.28,34.64,-16.88,25.51,67.22,-45.25,186.19,102.36,181.93,-155.67,-2.12,122.90
1747200821.582,21.29,34.65,-16.85,25.52,67.18,-45.26,186.20,102.39,181.83,-155.67,-2.12,122.90
1747200821.683,21.37,34.75,-16.46,25.62,66.71,-45.42,186.26,102.76,180.63,-155.65,-2.13,122.90
1747200821.783,21.41,34.79,-16.28,25.67,66.49,-45.50,186.28,102.93,180.07,-155.64,-2.13,122.90
1747200821.952,21.43,34.82,-16.19,25.70,66.38,-45.53,186.29,103.01,179.79,-155.64,-2.13,122.90
1747200822.058,21.53,34.93,-15.77,25.81,65.87,-45.71,186.34,103.39,178.49,-155.63,-2.14,122.90
1747200822.182,21.56,34.97,-15.62,25.85,65.68,-45.77,186.36,103.53,178.03,-155.62,-2.14,122.89
1747200822.292,21.57,34.98,-15.56,25.87,65.61,-45.80,186.36,103.58,177.84,-155.62,-2.14,122.89
1747200822.397,21.66,35.08,-15.17,25.97,65.13,-45.96,186.39,103.93,176.63,-155.61,-2.14,122.89
1747200822.523,21.69,35.13,-14.99,26.02,64.92,-46.04,186.40,104.09,176.07,-155.61,-2.14,122.89
1747200822.731,21.79,35.24,-14.57,26.13,64.40,-46.21,186.42,104.46,174.77,-155.60,-2.14,122.89
1747200822.832,21.83,35.28,-14.39,26.18,64.18,-46.29,186.43,104.61,174.21,-155.60,-2.14,122.89
1747200823.022,21.90,35.38,-14.03,26.28,63.74,-46.44,186.43,104.92,173.08,-155.59,-2.14,122.89
1747200823.122,21.94,35.43,-13.85,26.33,63.52,-46.51,186.43,105.07,172.52,-155.59,-2.14,122.89
1747200823.267,21.96,35.44,-13.79,26.34,63.45,-46.54,186.43,105.12,172.33,-155.59,-2.14,122.89
1747200823.373,22.04,35.54,-13.40,26.45,62.98,-46.70,186.43,105.44,171.12,-155.59,-2.14,122.90
1747200823.473,22.08,35.59,-13.22,26.50,62.76,-46.78,186.42,105.58,170.56,-155.60,-2.14,122.90
1747200823.607,22.09,35.60,-13.19,26.50,62.72,-46.79,186.42,105.61,170.46,-155.60,-2.14,122.90
1747200823.727,22.18,35.71,-12.77,26.62,62.21,-46.97,186.40,105.94,169.16,-155.60,-2.14,122.90
1747200823.866,22.22,35.75,-12.59,26.67,61.99,-47.04,186.39,106.09,168.59,-155.60,-2.14,122.90
1747200824.069,22.31,35.86,-12.17,26.78,61.47,-47.22,186.35,106.41,167.28,-155.61,-2.13,122.91
1747200824.269,22.35,35.91,-11.99,26.83,61.25,-47.29,186.33,106.55,166.72,-155.62,-2.13,122.91
1747200824.394,22.44,36.02,-11.57,26.94,60.74,-47.47,186.28,106.87,165.41,-155.63,-2.13,122.91
1747200824.494,22.48,36.06,-11.39,26.99,60.52,-47.54,186.26,107.00,164.84,-155.64,-2.12,122.92
1747200824.608,22.48,36.06,-11.39,26.99,60.52,-47.54,186.26,107.00,164.84,-155.64,-2.12,122.92
1747200824.733,22.57,36.17,-10.97,27.10,60.01,-47.72,186.20,107.30,163.53,-155.65,-2.12,122.92
1747200824.833,22.61,36.22,-10.79,27.15,59.79,-47.79,186.17,107.43,162.97,-155.66,-2.11,122.92
1747200824.942,22.63,36.24,-10.70,27.18,59.68,-47.83,186.15,107.49,162.69,-155.67,-2.11,122.92
1747200825.067,22.70,36.33,-10.37,27.26,59.28,-47.97,186.09,107.73,161.65,-155.68,-2.11,122.93
1747200825.176,22.73,36.37,-10.22,27.30,59.09,-48.03,186.06,107.83,161.18,-155.69,-2.10,122.93
1747200825.282,22.79,36.43,-9.98,27.37,58.80,-48.13,186.01,107.99,160.43,-155.71,-2.10,122.94
1747200825.382,22.82,36.48,-9.80,27.42,58.58,-48.21,185.97,108.11,159.87,-155.72,-2.10,122.94
1747200825.493,22.86,36.52,-9.62,27.47,58.36,-48.28,185.93,108.23,159.31,-155.73,-2.09,122.94
1747200825.626,22.92,36.59,-9.38,27.53,58.07,-48.38,185.87,108.39,158.55,-155.75,-2.09,122.95
1747200825.726,22.96,36.64,-9.17,27.59,57.81,-48.47,185.82,108.52,157.90,-155.76,-2.08,122.95
1747200825.844,22.97,36.66,-9.11,27.60,57.74,-48.50,185.80,108.56,157.71,-155.77,-2.08,122.95
1747200825.974,23.06,36.76,-8.72,27.71,57.26,-48.66,185.70,108.81,156.49,-155.80,-2.07,122.96
1747200826.103,23.09,36.80,-8.57,27.75,57.08,-48.72,185.66,108.90,156.02,-155.81,-2.06,122.96
1747200826.226,23.16,36.88,-8.27,27.83,56.71,-48.85,185.57,109.08,155.08,-155.83,-2.05,122.97
1747200826.354,23.19,36.92,-8.12,27.87,56.53,-48.91,185.52,109.17,154.61,-155.85,-2.05,122.97
1747200826.479,23.22,36.95,-8.00,27.90,56.39,-48.96,185.48,109.24,154.24,-155.86,-2.05,122.97
1747200826.585,23.29,37.04,-7.64,28.00,55.95,-49.11,185.36,109.45,153.11,-155.89,-2.04,122.98
1747200826.794,23.33,37.08,-7.49,28.04,55.76,-49.17,185.31,109.54,152.64,-155.91,-2.03,122.98
1747200826.906,23.43,37.20,-7.04,28.16,55.21,-49.36,185.15,109.79,151.23,-155.96,-2.01,122.99
1747200827.022,23.45,37.23,-6.92,28.19,55.07,-49.41,185.11,109.85,150.86,-155.97,-2.01,122.99
1747200827.199,23.51,37.30,-6.65,28.27,54.73,-49.53,185.00,110.00,150.00,-156.00,-2.00,123.00
1747200827.339,23.48,37.27,-6.77,28.23,54.88,-49.48,185.05,109.93,150.39,-155.99,-2.00,123.00
1747200827.442,23.44,37.21,-6.98,28.18,55.14,-49.39,185.13,109.82,151.04,-155.96,-2.01,122.99
1747200827.542,23.40,37.16,-7.16,28.13,55.36,-49.31,185.19,109.72,151.61,-155.94,-2.02,122.99
1747200827.642,23.36,37.12,-7.34,28.08,55.58,-49.24,185.26,109.62,152.17,-155.92,-2.02,122.99
1747200827.775,23.36,37.12,-7.34,28.08,55.58,-49.24,185.26,109.62,152.17,-155.92,-2.02,122.99
1747200827.897,23.26,37.00,-7.79,27.96,56.13,-49.05,185.41,109.37,153.58,-155.88,-2.04,122.98
1747200828.095,23.23,36.96,-7.94,27.92,56.31,-48.99,185.46,109.28,154.05,-155.86,-2.04,122.97
1747200828.196,23.14,36.86,-8.33,27.81,56.79,-48.82,185.58,109.05,155.27,-155.83,-2.06,122.97
1747200828.296,23.11,36.81,-8.51,27.77,57.01,-48.75,185.64,108.94,155.83,-155.81,-2.06,122.96
1747200828.426,23.09,36.79,-8.60,27.74,57.12,-48.71,185.66,108.88,156.11,-155.81,-2.06,122.96
1747200828.538,23.01,36.70,-8.93,27.65,57.52,-48.57,185.76,108.68,157.14,-155.78,-2.07,122.95
1747200828.672,22.97,36.65,-9.14,27.60,57.78,-48.48,185.81,108.54,157.80,-155.76,-2.08,122.95
1747200828.776,22.93,36.60,-9.32,27.55,58.00,-48.41,185.86,108.43,158.37,-155.75,-2.08,122.95
1747200828.901,22.87,36.53,-9.59,27.47,58.32,-48.30,185.92,108.25,159.21,-155.73,-2.09,122.94
1747200829.001,22.83,36.49,-9.77,27.43,58.54,-48.22,185.96,108.13,159.78,-155.72,-2.09,122.94
1747200829.120,22.82,36.47,-9.83,27.41,58.62,-48.20,185.98,108.09,159.96,-155.72,-2.10,122.94
1747200829.236,22.74,36.38,-10.19,27.31,59.06,-48.05,186.05,107.85,161.09,-155.69,-2.10,122.93
1747200829.422,22.71,36.34,-10.34,27.27,59.24,-47.98,186.08,107.75,161.56,-155.69,-2.11,122.93
1747200829.541,22.62,36.23,-10.76,27.16,59.75,-47.81,186.16,107.45,162.87,-155.66,-2.11,122.92
1747200829.642,22.58,36.18,-10.94,27.11,59.97,-47.73,186.19,107.32,163.44,-155.66,-2.12,122.92
1747200829.747,22.56,36.17,-11.00,27.09,60.04,-47.71,186.20,107.28,163.62,-155.65,-2.12,122.92
1747200829.858,22.49,36.08,-11.33,27.01,60.45,-47.57,186.25,107.04,164.65,-155.64,-2.12,122.92
1747200829.959,22.45,36.03,-11.51,26.96,60.67,-47.49,186.27,106.91,165.21,-155.63,-2.13,122.91
1747200830.063,22.43,36.00,-11.63,26.92,60.81,-47.44,186.29,106.82,165.59,-155.63,-2.13,122.91
1747200830.163,22.37,35.94,-11.87,26.86,61.11,-47.34,186.32,106.64,166.34,-155.62,-2.13,122.91
1747200830.264,22.34,35.89,-12.05,26.81,61.33,-47.27,186.34,106.51,166.90,-155.62,-2.13,122.91
1747200830.373,22.33,35.89,-12.08,26.80,61.36,-47.25,186.34,106.48,167.00,-155.62,-2.13,122.91
1747200830.488,22.25,35.79,-12.44,26.71,61.80,-47.10,186.37,106.20,168.12,-155.61,-2.14,122.90
1747200830.591,22.20,35.74,-12.65,26.65,62.06,-47.02,186.39,106.04,168.78,-155.60,-2.14,122.90
1747200830.725,22.20,35.73,-12.68,26.64,62.09,-47.00,186.39,106.02,168.87,-155.60,-2.14,122.90
1747200830.826,22.11,35.63,-13.07,26.54,62.57,-46.84,186.41,105.71,170.09,-155.60,-2.14,122.90
1747200830.926,22.07,35.58,-13.25,26.49,62.79,-46.77,186.42,105.56,170.65,-155.60,-2.14,122.90
1747200831.081,22.05,35.55,-13.37,26.46,62.94,-46.71,186.43,105.46,171.03,-155.60,-2.14,122.90
1747200831.237,21.96,35.44,-13.79,26.34,63.45,-46.54,186.43,105.12,172.33,-155.59,-2.14,122.89
1747200831.338,21.92,35.39,-13.97,26.29,63.67,-46.46,186.43,104.97,172.89,-155.59,-2.14,122.89
1747200831.458,21.90,35.38,-14.03,26.28,63.74,-46.44,186.43,104.92,173.08,-155.59,-2.14,122.89
1747200831.569,21.83,35.29,-14.39,26.18,64.18,-46.29,186.43,104.61,174.20,-155.60,-2.14,122.89
1747200831.786,21.76,35.21,-14.69,26.10,64.55,-46.16,186.42,104.35,175.13,-155.60,-2.14,122.89
1747200831.908,21.69,35.12,-15.02,26.01,64.95,-46.03,186.40,104.07,176.16,-155.61,-2.14,122.89
1747200832.009,21.65,35.07,-15.20,25.96,65.17,-45.95,186.39,103.91,176.72,-155.61,-2.14,122.89
1747200832.154,21.64,35.06,-15.26,25.95,65.24,-45.92,186.39,103.85,176.91,-155.61,-2.14,122.89
1747200832.254,21.56,34.97,-15.62,25.85,65.68,-45.77,186.36,103.53,178.03,-155.62,-2.14,122.89
1747200832.453,21.52,34.92,-15.80,25.80,65.90,-45.70,186.34,103.37,178.58,-155.63,-2.14,122.90
1747200832.587,21.43,34.81,-16.22,25.69,66.42,-45.52,186.29,102.98,179.88,-155.64,-2.13,122.90
1747200832.825,21.38,34.75,-16.43,25.63,66.67,-45.43,186.26,102.79,180.54,-155.65,-2.13,122.90
1747200833.020,21.26,34.61,-17.00,25.48,67.37,-45.20,186.18,102.25,182.30,-155.67,-2.12,122.90
1747200833.150,21.22,34.57,-17.15,25.44,67.55,-45.13,186.15,102.11,182.76,-155.68,-2.12,122.91
1747200833.346,21.13,34.45,-17.60,25.32,68.10,-44.95,186.06,101.67,184.15,-155.71,-2.11,122.91
1747200833.446,21.09,34.40,-17.78,25.27,68.32,-44.87,186.03,101.49,184.71,-155.72,-2.10,122.91
1747200833.557,21.07,34.39,-17.84,25.25,68.39,-44.85,186.01,101.44,184.89,-155.72,-2.10,122.92
1747200833.672,21.00,34.30,-18.17,25.16,68.79,-44.71,185.94,101.11,185.90,-155.74,-2.10,122.92
1747200833.773,20.96,34.25,-18.38,25.11,69.05,-44.62,185.89,100.90,186.55,-155.76,-2.09,122.92
1747200833.889,20.94,34.23,-18.44,25.09,69.12,-44.59,185.87,100.84,186.73,-155.76,-2.09,122.93
1747200834.011,20.87,34.14,-18.80,24.99,69.56,-44.44,185.78,100.48,187.84,-155.79,-2.08,122.93
1747200834.201,20.82,34.08,-19.01,24.94,69.82,-44.36,185.72,100.26,188.49,-155.80,-2.07,122.94
1747200834.310,20.75,34.00,-19.34,24.85,70.22,-44.22,185.63,99.92,189.50,-155.83,-2.06,122.95
1747200834.450,20.70,33.94,-19.58,24.78,70.52,-44.12,185.55,99.67,190.24,-155.85,-2.06,122.95
1747200834.559,20.65,33.88,-19.79,24.73,70.77,-44.03,185.49,99.45,190.88,-155.87,-2.05,122.96
1747200834.660,20.62,33.84,-19.94,24.69,70.96,-43.97,185.44,99.29,191.34,-155.88,-2.05,122.96
1747200834.765,20.59,33.81,-20.06,24.65,71.10,-43.92,185.40,99.17,191.70,-155.89,-2.04,122.96
1747200834.879,20.53,33.73,-20.36,24.57,71.47,-43.79,185.29,98.85,192.62,-155.92,-2.03,122.97
1747200835.001,20.49,33.69,-20.51,24.53,71.65,-43.73,185.24,98.69,193.07,-155.93,-2.02,122.98
1747200835.117,20.47,33.67,-20.60,24.51,71.76,-43.69,185.21,98.59,193.35,-155.94,-2.02,122.98
1747200835.238,20.39,33.57,-20.99,24.40,72.24,-43.53,185.06,98.17,194.54,-155.98,-2.01,122.99
1747200835.343,20.36,33.54,-21.11,24.37,72.38,-43.48,185.01,98.04,194.89,-156.00,-2.00,123.00
1747200835.536,20.36,33.53,-21.14,24.36,72.42,-43.46,185.00,98.00,194.99,-156.00,-2.00,123.00
1747200835.638,20.39,33.57,-21.00,24.40,72.25,-43.52,185.06,98.15,194.58,-155.99,-2.01,122.99
1747200835.747,20.41,33.60,-20.88,24.43,72.11,-43.57,185.10,98.28,194.21,-155.97,-2.01,122.99
1747200835.867,20.48,33.68,-20.58,24.51,71.74,-43.70,185.21,98.61,193.30,-155.94,-2.02,122.98
1747200836.027,20.51,33.71,-20.43,24.55,71.56,-43.76,185.27,98.77,192.84,-155.93,-2.03,122.98
1747200836.176,20.60,33.82,-20.01,24.67,71.04,-43.94,185.41,99.22,191.56,-155.89,-2.04,122.96
1747200836.338,20.63,33.86,-19.86,24.71,70.86,-44.00,185.46,99.37,191.10,-155.87,-2.05,122.96
1747200836.461,20.71,33.96,-19.50,24.80,70.42,-44.15,185.58,99.75,190.00,-155.84,-2.06,122.95
1747200836.561,20.75,34.00,-19.32,24.85,70.20,-44.22,185.63,99.94,189.45,-155.83,-2.07,122.94
1747200836.678,20.77,34.02,-19.26,24.87,70.13,-44.25,185.65,100.00,189.26,-155.82,-2.07,122.94
1747200836.804,20.84,34.11,-18.90,24.97,69.69,-44.40,185.75,100.37,188.16,-155.79,-2.08,122.94
1747200836.907,20.89,34.17,-18.69,25.02,69.43,-44.49,185.81,100.58,187.51,-155.78,-2.08,122.93
1747200837.013,20.89,34.17,-18.69,25.02,69.43,-44.49,185.81,100.58,187.51,-155.78,-2.08,122.93
1747200837.129,20.97,34.27,-18.30,25.13,68.96,-44.65,185.91,100.98,186.31,-155.75,-2.09,122.92
1747200837.259,21.01,34.31,-18.15,25.17,68.77,-44.71,185.94,101.13,185.85,-155.74,-2.10,122.92
1747200837.394,21.08,34.39,-17.82,25.26,68.37,-44.85,186.02,101.45,184.83,-155.72,-2.10,122.92
1747200837.495,21.12,34.44,-17.64,25.31,68.15,-44.93,186.06,101.63,184.28,-155.71,-2.11,122.91
1747200837.643,21.13,34.46,-17.58,25.32,68.08,-44.95,186.07,101.69,184.10,-155.71,-2.11,122.91
1747200837.757,21.22,34.56,-17.16,25.43,67.57,-45.13,186.15,102.09,182.80,-155.68,-2.12,122.91
1747200837.866,21.26,34.61,-16.98,25.48,67.35,-45.20,186.18,102.27,182.25,-155.67,-2.12,122.90
1747200837.987,21.30,34.66,-16.80,25.53,67.13,-45.28,186.21,102.44,181.69,-155.67,-2.12,122.90
1747200838.089,21.35,34.71,-16.59,25.59,66.87,-45.37,186.24,102.64,181.04,-155.66,-2.13,122.90
1747200838.207,21.38,34.75,-16.44,25.63,66.69,-45.43,186.26,102.78,180.58,-155.65,-2.13,122.90
1747200838.349,21.45,34.84,-16.12,25.72,66.29,-45.57,186.30,103.08,179.55,-155.64,-2.13,122.90
1747200838.450,21.49,34.88,-15.94,25.77,66.07,-45.64,186.32,103.25,179.00,-155.63,-2.13,122.90
1747200838.605,21.50,34.90,-15.87,25.78,65.99,-45.67,186.33,103.30,178.81,-155.63,-2.13,122.90
1747200838.706,21.59,35.01,-15.45,25.89,65.48,-45.84,186.37,103.68,177.51,-155.62,-2.14,122.89
1747200838.942,21.63,35.06,-15.27,25.94,65.26,-45.92,186.38,103.84,176.95,-155.61,-2.14,122.89
1747200839.048,21.72,35.16,-14.86,26.06,64.75,-46.09,186.41,104.21,175.64,-155.60,-2.14,122.89
1747200839.281,21.77,35.22,-14.64,26.11,64.49,-46.18,186.42,104.39,174.99,-155.60,-2.14,122.89
1747200839.387,21.86,35.32,-14.25,26.22,64.01,-46.35,186.43,104.73,173.77,-155.60,-2.14,122.89
1747200839.488,21.89,35.36,-14.10,26.26,63.83,-46.41,186.43,104.86,173.31,-155.59,-2.14,122.89
1747200839.602,21.91,35.38,-14.01,26.28,63.72,-46.45,186.43,104.93,173.03,-155.59,-2.14,122.89
1747200839.702,21.98,35.47,-13.69,26.37,63.32,-46.58,186.43,105.21,172.00,-155.59,-2.14,122.90
1747200839.806,22.01,35.51,-13.53,26.41,63.14,-46.65,186.43,105.33,171.53,-155.59,-2.14,122.90
1747200839.964,22.08,35.59,-13.24,26.49,62.77,-46.77,186.42,105.57,170.60,-155.60,-2.14,122.90
1747200840.067,22.12,35.64,-13.02,26.55,62.51,-46.86,186.41,105.74,169.94,-155.60,-2.14,122.90
1747200840.196,22.15,35.67,-12.90,26.58,62.37,-46.91,186.41,105.84,169.57,-155.60,-2.14,122.90
1747200840.393,22.25,35.79,-12.45,26.70,61.82,-47.10,186.37,106.19,168.16,-155.61,-2.14,122.90
1747200840.572,22.29,35.84,-12.25,26.76,61.56,-47.19,186.36,106.36,167.51,-155.61,-2.13,122.91
1747200840.672,22.36,35.92,-11.94,26.84,61.20,-47.31,186.33,106.59,166.57,-155.62,-2.13,122.91
1747200840.775,22.40,35.98,-11.73,26.90,60.94,-47.40,186.30,106.74,165.91,-155.63,-2.13,122.91
