timestamp,joint_angles,cartesian_pose
1744099751.232,2.98,24.80,3.24,64.02,74.07,-83.44,180.09,69.98,199.61,-120.05,-0.05,120.09
1744099751.355,3.40,24.91,3.02,63.46,73.79,-82.31,179.99,70.92,199.10,-120.65,-0.31,120.77
1744099751.469,4.30,25.17,2.54,62.24,73.18,-79.83,179.78,72.96,197.99,-121.96,-0.84,122.22
1744099751.607,4.60,25.25,2.38,61.83,72.97,-79.00,179.71,73.64,197.62,-122.40,-1.01,122.70
1744099751.728,5.50,25.50,1.90,60.61,72.36,-76.52,179.50,75.66,196.54,-123.70,-1.48,124.10
1744099751.832,5.87,25.60,1.70,60.10,72.10,-75.49,179.41,76.50,196.10,-124.24,-1.67,124.67
1744099752.012,6.77,25.86,1.21,58.88,71.48,-73.01,179.20,78.50,195.05,-125.54,-2.08,126.02
1744099752.184,7.22,25.98,0.97,58.27,71.18,-71.77,179.10,79.49,194.54,-126.19,-2.28,126.69
1744099752.301,8.04,26.21,0.53,57.15,70.61,-69.50,178.91,81.31,193.62,-127.37,-2.60,127.88
1744099752.447,8.49,26.34,0.29,56.54,70.31,-68.26,178.81,82.30,193.12,-128.01,-2.76,128.51
1744099752.610,9.47,26.61,-0.24,55.21,69.64,-65.57,178.59,84.44,192.08,-129.39,-3.07,129.87
1744099752.793,9.92,26.74,-0.48,54.60,69.33,-64.34,178.49,85.42,191.61,-130.03,-3.20,130.49
1744099752.907,10.82,26.99,-0.96,53.38,68.72,-61.86,178.29,87.38,190.68,-131.29,-3.41,131.70
1744099753.079,11.42,27.15,-1.28,52.57,68.31,-60.21,178.17,88.68,190.09,-132.12,-3.53,132.49
1744099753.207,12.17,27.36,-1.69,51.55,67.79,-58.14,178.01,90.31,189.36,-133.16,-3.66,133.46
1744099753.330,12.32,27.41,-1.77,51.35,67.69,-57.73,177.98,90.64,189.22,-133.36,-3.68,133.65
1744099753.448,13.22,27.66,-2.25,50.13,67.08,-55.25,177.79,92.59,188.38,-134.59,-3.77,134.79
1744099753.549,13.67,27.78,-2.49,49.52,66.77,-54.01,177.70,93.57,187.97,-135.19,-3.80,135.35
1744099753.655,14.05,27.89,-2.69,49.00,66.51,-52.97,177.62,94.39,187.64,-135.70,-3.82,135.82
1744099753.755,14.65,28.05,-3.01,48.19,66.10,-51.32,177.50,95.69,187.12,-136.49,-3.83,136.55
1744099753.899,14.95,28.14,-3.18,47.78,65.90,-50.49,177.44,96.35,186.86,-136.89,-3.83,136.92
1744099754.009,15.77,28.37,-3.62,46.66,65.33,-48.22,177.28,98.15,186.18,-137.96,-3.79,137.91
1744099754.109,16.22,28.49,-3.86,46.05,65.02,-46.98,177.19,99.13,185.82,-138.54,-3.76,138.44
1744099754.244,16.45,28.56,-3.98,45.75,64.87,-46.36,177.15,99.62,185.64,-138.83,-3.74,138.70
1744099754.344,17.27,28.79,-4.42,44.63,64.31,-44.10,176.99,101.43,185.01,-139.87,-3.64,139.67
1744099754.499,17.65,28.89,-4.62,44.12,64.05,-43.05,176.92,102.26,184.73,-140.34,-3.58,140.10
1744099754.639,18.62,29.16,-5.15,42.80,63.38,-40.38,176.73,104.41,184.05,-141.53,-3.39,141.22
1744099754.774,19.00,29.27,-5.35,42.29,63.13,-39.34,176.66,105.25,183.79,-141.98,-3.31,141.65
1744099754.936,19.97,29.54,-5.87,40.97,62.46,-36.66,176.47,107.42,183.16,-143.13,-3.05,142.74
1744099755.037,20.42,29.67,-6.11,40.36,62.15,-35.42,176.38,108.43,182.88,-143.65,-2.91,143.24
1744099755.167,20.57,29.71,-6.19,40.15,62.05,-35.00,176.35,108.78,182.79,-143.82,-2.87,143.41
1744099755.304,21.62,30.00,-6.76,38.72,61.33,-32.11,176.14,111.15,182.19,-144.99,-2.50,144.56
1744099755.424,21.92,30.09,-6.92,38.32,61.13,-31.28,176.08,111.83,182.02,-145.32,-2.39,144.89
1744099755.596,22.90,30.36,-7.44,37.00,60.46,-28.60,175.88,114.06,181.52,-146.36,-1.99,145.95
1744099755.696,23.35,30.48,-7.68,36.39,60.15,-27.36,175.78,115.10,181.31,-146.82,-1.78,146.44
1744099755.825,23.80,30.61,-7.92,35.77,59.85,-26.12,175.69,116.14,181.10,-147.28,-1.57,146.92
1744099755.926,24.39,30.78,-8.24,34.96,59.44,-24.48,175.55,117.54,180.84,-147.87,-1.28,147.56
1744099756.055,24.77,30.88,-8.45,34.45,59.18,-23.43,175.47,118.42,180.68,-148.24,-1.09,147.96
1744099756.193,25.60,31.11,-8.89,33.33,58.62,-21.17,175.27,120.37,180.37,-149.01,-0.64,148.84
1744099756.377,26.05,31.24,-9.13,32.72,58.31,-19.93,175.16,121.44,180.21,-149.42,-0.38,149.31
1744099756.489,26.70,31.42,-9.48,31.84,57.86,-18.14,175.00,123.00,180.00,-150.00,0.00,150.00
1744099756.702,26.70,31.42,-9.48,31.84,57.86,-18.14,175.00,123.00,180.00,-150.00,0.00,150.00
1744099756.813,26.14,31.26,-9.18,32.59,58.24,-19.65,175.14,121.68,180.19,-149.51,-0.33,149.42
1744099756.961,25.85,31.18,-9.02,32.99,58.45,-20.47,175.21,120.97,180.29,-149.24,-0.50,149.10
1744099757.087,24.87,30.90,-8.50,34.32,59.11,-23.16,175.44,118.66,180.68,-148.33,-1.03,148.07
1744099757.205,24.57,30.82,-8.34,34.73,59.32,-23.99,175.51,117.95,180.80,-148.04,-1.18,147.75
1744099757.343,23.75,30.58,-7.90,35.85,59.88,-26.26,175.69,116.03,181.17,-147.22,-1.59,146.86
1744099757.444,23.30,30.46,-7.66,36.46,60.19,-27.50,175.78,114.99,181.39,-146.76,-1.80,146.38
1744099757.563,23.15,30.41,-7.58,36.66,60.29,-27.91,175.81,114.64,181.46,-146.61,-1.87,146.22
1744099757.673,22.25,30.16,-7.10,37.88,60.91,-30.39,176.00,112.58,181.93,-145.66,-2.25,145.24
1744099757.803,21.87,30.05,-6.89,38.40,61.17,-31.43,176.07,111.72,182.13,-145.25,-2.40,144.83
1744099757.944,21.05,29.82,-6.45,39.52,61.73,-33.70,176.24,109.85,182.61,-144.34,-2.69,143.92
1744099758.044,20.60,29.69,-6.21,40.13,62.04,-34.94,176.32,108.83,182.88,-143.83,-2.84,143.42
1744099758.164,20.45,29.65,-6.13,40.33,62.14,-35.34,176.35,108.50,182.97,-143.66,-2.89,143.26
1744099758.298,19.47,29.37,-5.61,41.66,62.81,-38.03,176.54,106.31,183.60,-142.52,-3.17,142.17
1744099758.479,19.10,29.27,-5.41,42.16,63.06,-39.06,176.61,105.48,183.85,-142.08,-3.26,141.74
1744099758.589,18.12,28.99,-4.88,43.49,63.73,-41.75,176.80,103.32,184.54,-140.90,-3.47,140.63
1744099758.780,17.75,28.89,-4.68,44.00,63.99,-42.78,176.87,102.49,184.81,-140.44,-3.54,140.20
1744099758.881,16.85,28.63,-4.20,45.22,64.60,-45.26,177.04,100.51,185.49,-139.31,-3.67,139.15
1744099758.981,16.40,28.50,-3.96,45.83,64.91,-46.50,177.12,99.53,185.85,-138.74,-3.72,138.62
1744099759.084,16.17,28.44,-3.84,46.14,65.07,-47.12,177.17,99.03,186.03,-138.45,-3.74,138.36
1744099759.219,15.27,28.18,-3.36,47.36,65.68,-49.60,177.34,97.07,186.78,-137.29,-3.79,137.28
1744099759.337,15.05,28.12,-3.24,47.67,65.84,-50.22,177.38,96.58,186.97,-136.99,-3.80,137.01
1744099759.486,14.07,27.84,-2.71,48.99,66.51,-52.91,177.57,94.45,187.82,-135.70,-3.79,135.82
1744099759.586,13.62,27.72,-2.47,49.60,66.81,-54.15,177.66,93.48,188.23,-135.09,-3.77,135.26
1744099759.691,13.62,27.72,-2.47,49.60,66.81,-54.15,177.66,93.48,188.23,-135.09,-3.77,135.26
1744099759.792,12.72,27.46,-1.99,50.83,67.43,-56.62,177.84,91.52,189.07,-133.87,-3.69,134.12
1744099759.933,12.27,27.34,-1.75,51.44,67.74,-57.86,177.94,90.55,189.50,-133.26,-3.63,133.55
1744099760.063,11.52,27.12,-1.35,52.46,68.25,-59.93,178.09,88.91,190.24,-132.22,-3.51,132.57
1744099760.164,11.07,27.00,-1.11,53.07,68.56,-61.17,178.18,87.94,190.69,-131.60,-3.43,131.98
1744099760.274,11.00,26.97,-1.07,53.17,68.61,-61.37,178.20,87.78,190.76,-131.50,-3.41,131.89
1744099760.381,10.10,26.72,-0.59,54.39,69.22,-63.85,178.39,85.82,191.69,-130.24,-3.20,130.68
1744099760.481,9.65,26.59,-0.34,55.00,69.53,-65.09,178.49,84.84,192.17,-129.60,-3.08,130.07
1744099760.601,9.27,26.49,-0.14,55.52,69.79,-66.13,178.57,84.01,192.57,-129.07,-2.97,129.54
1744099760.705,8.60,26.29,0.22,56.44,70.25,-67.99,178.72,82.54,193.31,-128.11,-2.75,128.60
1744099760.866,8.37,26.23,0.34,56.74,70.41,-68.61,178.77,82.04,193.56,-127.79,-2.67,128.28
1744099760.991,7.32,25.93,0.90,58.17,71.12,-71.50,179.00,79.74,194.74,-126.29,-2.27,126.77
1744099761.194,6.95,25.83,1.10,58.67,71.38,-72.53,179.09,78.91,195.17,-125.75,-2.11,126.22
1744099761.311,5.90,25.53,1.67,60.10,72.10,-75.43,179.33,76.57,196.41,-124.23,-1.63,124.64
1744099761.466,5.60,25.45,1.83,60.51,72.30,-76.24,179.40,75.91,196.76,-123.80,-1.48,124.18
1744099761.588,4.62,25.17,2.35,61.83,72.97,-78.93,179.62,73.72,197.95,-122.39,-0.97,122.66
1744099761.723,4.32,25.08,2.51,62.24,73.18,-79.76,179.69,73.04,198.32,-121.95,-0.80,122.18
1744099761.853,3.42,24.83,2.99,63.47,73.79,-82.24,179.90,71.00,199.44,-120.64,-0.27,120.72
1744099761.953,3.01,24.71,3.21,64.02,74.07,-83.36,179.99,70.07,199.96,-120.05,-0.02,120.05
1744099762.064,2.98,24.71,3.23,64.06,74.10,-83.45,180.00,70.00,200.00,-120.00,0.00,120.00
1744099762.165,2.98,24.71,3.23,64.06,74.10,-83.45,180.00,70.00,200.00,-120.00,0.00,120.00
1744099762.305,3.16,24.75,3.14,63.83,73.98,-82.97,179.96,70.40,199.78,-120.25,-0.11,120.29
1744099762.465,4.06,25.01,2.65,62.60,73.36,-80.49,179.75,72.44,198.65,-121.56,-0.65,121.76
1744099762.565,4.51,25.14,2.41,61.99,73.05,-79.25,179.65,73.46,198.09,-122.22,-0.91,122.48
1744099762.674,4.58,25.16,2.37,61.90,73.00,-79.06,179.63,73.62,198.00,-122.32,-0.95,122.59
1744099762.804,5.63,25.46,1.81,60.46,72.28,-76.16,179.39,75.98,196.72,-123.85,-1.50,124.23
1744099763.009,6.15,25.60,1.53,59.76,71.93,-74.72,179.23,77.49,195.92,-124.82,-1.83,125.26
1744099763.119,7.05,25.86,1.05,58.53,71.31,-72.24,179.06,79.14,195.05,-125.90,-2.16,126.37
1744099763.275,7.21,25.90,0.97,58.32,71.20,-71.82,179.03,79.48,194.87,-126.12,-2.22,126.60
1744099763.381,8.18,26.18,0.44,57.00,70.54,-69.14,178.81,81.62,193.77,-127.51,-2.60,128.01
1744099763.500,8.56,26.28,0.24,56.49,70.28,-68.10,178.73,82.45,193.35,-128.05,-2.74,128.54
1744099763.665,9.46,26.54,-0.24,55.27,69.66,-65.62,178.53,84.42,192.38,-129.33,-3.02,129.80
1744099763.795,9.83,26.64,-0.44,54.76,69.41,-64.59,178.45,85.23,191.98,-129.86,-3.13,130.31
1744099763.931,10.65,26.88,-0.88,53.64,68.85,-62.33,178.27,87.03,191.12,-131.01,-3.34,131.43
1744099764.032,11.10,27.00,-1.12,53.03,68.54,-61.09,178.18,88.00,190.66,-131.64,-3.43,132.02
1744099764.148,11.25,27.05,-1.20,52.83,68.44,-60.68,178.15,88.33,190.51,-131.85,-3.46,132.22
1744099764.263,12.15,27.30,-1.68,51.60,67.82,-58.20,177.96,90.28,189.62,-133.09,-3.62,133.39
1744099764.402,12.45,27.39,-1.85,51.19,67.61,-57.37,177.90,90.94,189.33,-133.51,-3.66,133.78
1744099764.515,13.28,27.62,-2.29,50.08,67.05,-55.10,177.73,92.72,188.55,-134.63,-3.74,134.82
1744099764.615,13.73,27.75,-2.53,49.46,66.74,-53.86,177.64,93.70,188.14,-135.23,-3.77,135.39
1744099764.741,13.73,27.75,-2.53,49.46,66.74,-53.86,177.64,93.70,188.14,-135.23,-3.77,135.39
1744099764.856,14.85,28.07,-3.13,47.94,65.97,-50.76,177.42,96.15,187.14,-136.73,-3.80,136.77
1744099765.036,15.15,28.15,-3.29,47.53,65.77,-49.93,177.36,96.81,186.88,-137.13,-3.79,137.14
1744099765.162,16.20,28.45,-3.85,46.10,65.05,-47.04,177.16,99.09,186.01,-138.49,-3.74,138.39
1744099765.262,16.65,28.57,-4.10,45.49,64.74,-45.80,177.08,100.08,185.65,-139.06,-3.69,138.92
1744099765.380,16.73,28.60,-4.14,45.39,64.69,-45.59,177.06,100.25,185.59,-139.16,-3.68,139.01
1744099765.487,17.70,28.87,-4.66,44.06,64.02,-42.90,176.88,102.39,184.84,-140.38,-3.55,140.15
1744099765.625,18.08,28.98,-4.86,43.55,63.76,-41.88,176.81,103.22,184.57,-140.84,-3.48,140.58
1744099765.787,19.05,29.25,-5.38,42.22,63.10,-39.19,176.62,105.38,183.88,-142.03,-3.27,141.69
1744099765.888,19.50,29.38,-5.62,41.61,62.79,-37.95,176.53,106.38,183.58,-142.56,-3.16,142.20
1744099766.017,19.73,29.45,-5.75,41.31,62.63,-37.33,176.49,106.88,183.43,-142.82,-3.10,142.45
1744099766.123,20.55,29.68,-6.19,40.19,62.07,-35.06,176.33,108.73,182.91,-143.78,-2.86,143.37
1744099766.303,20.93,29.78,-6.39,39.68,61.81,-34.03,176.26,109.57,182.68,-144.20,-2.74,143.79
1744099766.415,21.82,30.04,-6.87,38.46,61.20,-31.55,176.08,111.61,182.16,-145.20,-2.41,144.78
1744099766.550,22.20,30.15,-7.07,37.94,60.94,-30.51,176.01,112.47,181.95,-145.61,-2.26,145.19
1744099766.667,22.95,30.36,-7.47,36.93,60.43,-28.45,175.85,114.19,181.56,-146.40,-1.95,146.00
1744099766.792,23.40,30.49,-7.71,36.32,60.12,-27.21,175.76,115.23,181.34,-146.87,-1.75,146.49
1744099766.943,24.23,30.72,-8.16,35.19,59.55,-24.93,175.58,117.15,180.95,-147.70,-1.36,147.38
1744099767.043,24.68,30.85,-8.40,34.58,59.25,-23.69,175.48,118.20,180.76,-148.14,-1.13,147.86
1744099767.187,24.83,30.89,-8.48,34.38,59.14,-23.29,175.45,118.55,180.69,-148.29,-1.05,148.02
1744099767.287,25.80,31.17,-9.00,33.05,58.48,-20.60,175.22,120.86,180.31,-149.20,-0.52,149.06
1744099767.514,26.69,31.42,-9.47,31.85,57.87,-18.16,175.00,122.98,180.00,-149.99,-0.01,149.99
1744099767.615,26.70,31.42,-9.48,31.84,57.86,-18.14,175.00,123.00,180.00,-150.00,0.00,150.00
1744099767.781,26.90,31.69,-9.28,32.00,57.38,-18.26,175.08,123.85,178.67,-149.98,-0.01,149.99
1744099767.917,27.41,32.36,-8.79,32.41,56.14,-18.57,175.24,125.97,175.29,-149.93,-0.03,149.98
1744099768.037,27.64,32.66,-8.57,32.59,55.59,-18.71,175.28,126.91,173.78,-149.91,-0.04,149.98
1744099768.171,28.32,33.56,-7.90,33.13,53.95,-19.13,175.35,129.65,169.23,-149.89,-0.04,149.98
1744099768.272,28.67,34.01,-7.57,33.40,53.13,-19.34,175.33,130.99,166.95,-149.90,-0.04,149.98
1744099768.401,28.72,34.09,-7.52,33.45,52.99,-19.37,175.33,131.22,166.56,-149.90,-0.04,149.98
1744099768.508,29.46,35.06,-6.80,34.04,51.21,-19.82,175.18,134.04,161.58,-149.94,-0.02,149.99
1744099768.630,29.69,35.36,-6.58,34.22,50.66,-19.96,175.11,134.90,160.03,-149.96,-0.01,149.99
1744099768.766,29.99,35.75,-6.29,34.46,49.94,-20.15,175.00,136.00,158.00,-150.00,0.00,150.00
1744099768.866,29.99,35.75,-6.30,34.45,49.95,-20.14,175.00,135.99,158.02,-150.00,-0.00,150.00
1744099768.999,29.98,35.74,-6.31,34.45,49.98,-20.14,175.01,135.95,158.10,-150.00,-0.00,150.00
1744099769.114,29.23,34.75,-7.03,33.85,51.77,-19.68,175.24,133.16,163.15,-149.92,-0.03,149.98
1744099769.224,28.94,34.38,-7.31,33.62,52.46,-19.51,175.30,132.07,165.09,-149.91,-0.04,149.98
1744099769.389,28.26,33.48,-7.97,33.08,54.10,-19.09,175.34,129.39,169.67,-149.89,-0.04,149.98
1744099769.489,27.92,33.03,-8.30,32.81,54.93,-18.88,175.32,128.03,171.94,-149.90,-0.04,149.98
1744099769.639,27.46,32.43,-8.74,32.45,56.02,-18.60,175.25,126.18,174.96,-149.92,-0.03,149.98
1744099769.739,27.06,31.90,-9.12,32.13,56.98,-18.36,175.14,124.54,177.59,-149.96,-0.02,149.99
1744099769.858,26.84,31.60,-9.34,31.95,57.52,-18.22,175.06,123.60,179.07,-149.98,-0.01,150.00
1744099770.028,26.70,31.42,-9.48,31.84,57.86,-18.14,175.00,123.00,180.00,-150.00,0.00,150.00
1744099770.172,26.63,31.40,-9.44,31.93,57.91,-18.32,175.02,122.84,180.02,-149.94,-0.04,149.93
1744099770.274,25.97,31.21,-9.09,32.82,58.36,-20.13,175.18,121.27,180.25,-149.36,-0.42,149.24
1744099770.374,25.52,31.09,-8.85,33.43,58.67,-21.37,175.29,120.20,180.42,-148.94,-0.68,148.76
1744099770.479,25.30,31.02,-8.73,33.74,58.82,-21.98,175.34,119.67,180.50,-148.73,-0.80,148.52
1744099770.596,24.55,30.81,-8.33,34.76,59.34,-24.05,175.51,117.90,180.81,-148.02,-1.20,147.72
1744099770.696,24.10,30.68,-8.09,35.37,59.64,-25.29,175.61,116.85,181.01,-147.57,-1.42,147.24
1744099770.869,23.95,30.64,-8.01,35.57,59.74,-25.70,175.64,116.50,181.08,-147.42,-1.49,147.08
1744099770.979,22.82,30.32,-7.40,37.10,60.51,-28.80,175.88,113.90,181.62,-146.27,-2.01,145.87
1744099771.089,22.45,30.22,-7.20,37.61,60.77,-29.83,175.96,113.04,181.82,-145.87,-2.16,145.46
1744099771.204,22.15,30.13,-7.04,38.02,60.98,-30.66,176.02,112.35,181.98,-145.55,-2.29,145.13
1744099771.311,21.33,29.90,-6.60,39.14,61.54,-32.93,176.18,110.48,182.44,-144.65,-2.60,144.23
1744099771.478,20.80,29.75,-6.32,39.85,61.90,-34.38,176.29,109.29,182.75,-144.06,-2.78,143.65
1744099771.581,20.12,29.56,-5.96,40.77,62.36,-36.24,176.42,107.77,183.17,-143.29,-2.99,142.90
1744099771.692,19.75,29.45,-5.76,41.28,62.62,-37.27,176.49,106.94,183.41,-142.85,-3.09,142.48
1744099771.863,18.85,29.20,-5.28,42.50,63.23,-39.74,176.66,104.93,184.02,-141.78,-3.32,141.46
1744099771.963,18.40,29.07,-5.03,43.11,63.54,-40.98,176.74,103.93,184.34,-141.24,-3.42,140.95
1744099772.071,18.18,29.01,-4.91,43.42,63.70,-41.60,176.79,103.44,184.50,-140.96,-3.46,140.69
1744099772.188,17.35,28.77,-4.47,44.54,64.26,-43.88,176.94,101.61,185.11,-139.94,-3.60,139.74
1744099772.330,16.97,28.67,-4.27,45.05,64.52,-44.91,177.01,100.79,185.40,-139.47,-3.65,139.30
1744099772.465,16.15,28.43,-3.83,46.17,65.08,-47.18,177.17,98.99,186.05,-138.42,-3.74,138.33
1744099772.566,15.70,28.31,-3.59,46.78,65.39,-48.42,177.26,98.00,186.42,-137.84,-3.77,137.80
1744099772.675,15.55,28.26,-3.51,46.98,65.49,-48.83,177.29,97.68,186.54,-137.65,-3.78,137.62
1744099772.805,14.58,27.99,-2.98,48.31,66.16,-51.52,177.48,95.55,187.38,-136.37,-3.80,136.44
1744099772.974,14.20,27.88,-2.78,48.82,66.42,-52.55,177.55,94.74,187.71,-135.87,-3.79,135.98
1744099773.129,13.15,27.58,-2.22,50.25,67.14,-55.45,177.76,92.45,188.67,-134.46,-3.73,134.67
1744099773.259,12.78,27.48,-2.02,50.75,67.39,-56.48,177.83,91.64,189.02,-133.95,-3.69,134.19
1744099773.447,11.73,27.18,-1.46,52.18,68.11,-59.36,178.05,89.36,190.03,-132.51,-3.55,132.84
1744099773.672,11.20,27.03,-1.18,52.89,68.47,-60.81,178.16,88.22,190.56,-131.78,-3.45,132.15
1744099773.773,10.22,26.76,-0.65,54.22,69.14,-63.50,178.36,86.10,191.56,-130.42,-3.23,130.85
1744099773.901,9.93,26.67,-0.49,54.63,69.34,-64.32,178.43,85.45,191.87,-130.00,-3.16,130.45
1744099774.016,9.18,26.46,-0.09,55.65,69.86,-66.39,178.59,83.81,192.68,-128.94,-2.94,129.41
1744099774.116,8.73,26.33,0.15,56.26,70.16,-67.63,178.69,82.82,193.17,-128.30,-2.79,128.78
1744099774.250,8.42,26.25,0.31,56.67,70.37,-68.46,178.76,82.16,193.50,-127.87,-2.69,128.36
1744099774.391,7.45,25.97,0.83,57.99,71.04,-71.14,178.97,80.02,194.59,-126.48,-2.32,126.96
1744099774.559,7.07,25.86,1.04,58.50,71.29,-72.18,179.06,79.19,195.02,-125.93,-2.17,126.41
1744099774.691,6.10,25.59,1.56,59.82,71.96,-74.86,179.28,77.04,196.16,-124.53,-1.73,124.95
1744099774.815,5.88,25.53,1.68,60.13,72.11,-75.47,179.33,76.53,196.43,-124.21,-1.62,124.61
1744099774.930,5.05,25.29,2.12,61.25,72.68,-77.76,179.52,74.68,197.42,-123.01,-1.20,123.33
1744099775.031,4.60,25.16,2.36,61.87,72.99,-78.99,179.63,73.67,197.97,-122.35,-0.96,122.63
1744099775.150,4.53,25.14,2.40,61.96,73.04,-79.19,179.64,73.51,198.06,-122.25,-0.92,122.51
1744099775.261,3.55,24.87,2.92,63.29,73.71,-81.88,179.87,71.30,199.28,-120.83,-0.35,120.94
1744099775.361,3.11,24.74,3.16,63.90,74.01,-83.11,179.97,70.28,199.84,-120.18,-0.08,120.20
1744099775.468,3.05,24.72,3.20,63.98,74.05,-83.28,179.99,70.14,199.92,-120.09,-0.04,120.10
1744099775.593,2.98,24.71,3.23,64.06,74.10,-83.45,180.00,70.00,200.00,-120.00,0.00,120.00
1744099775.693,3.00,24.71,3.22,64.04,74.09,-83.41,180.00,70.03,199.98,-120.02,-0.01,120.02
1744099775.808,3.30,24.80,3.06,63.63,73.88,-82.58,179.93,70.72,199.60,-120.46,-0.20,120.53
1744099775.926,3.97,24.99,2.70,62.72,73.42,-80.72,179.77,72.26,198.75,-121.45,-0.60,121.63
1744099776.056,4.35,25.09,2.50,62.21,73.16,-79.69,179.68,73.10,198.28,-121.99,-0.82,122.23
1744099776.218,5.25,25.35,2.01,60.98,72.54,-77.21,179.48,75.13,197.18,-123.30,-1.31,123.64
1744099776.318,5.70,25.47,1.77,60.37,72.24,-75.97,179.37,76.13,196.64,-123.95,-1.53,124.34
1744099776.431,5.92,25.54,1.65,60.07,72.08,-75.35,179.32,76.63,196.37,-124.27,-1.64,124.68
1744099776.531,6.67,25.75,1.25,59.05,71.57,-73.28,179.15,78.30,195.49,-125.36,-1.99,125.81
1744099776.634,7.12,25.88,1.01,58.43,71.26,-72.04,179.05,79.30,194.97,-126.00,-2.19,126.48
1744099776.804,7.95,26.11,0.57,57.32,70.70,-69.77,178.86,81.11,194.03,-127.19,-2.52,127.68
1744099776.950,8.40,26.24,0.33,56.70,70.39,-68.53,178.76,82.10,193.53,-127.83,-2.68,128.32
1744099777.110,9.30,26.49,-0.16,55.48,69.77,-66.06,178.56,84.07,192.54,-129.11,-2.98,129.58
1744099777.210,9.75,26.62,-0.40,54.87,69.46,-64.82,178.47,85.06,192.06,-129.74,-3.11,130.20
1744099777.361,9.97,26.68,-0.52,54.56,69.31,-64.20,178.42,85.55,191.83,-130.06,-3.17,130.51
1744099777.476,10.95,26.96,-1.04,53.24,68.64,-61.51,178.21,87.67,190.81,-131.43,-3.40,131.82
1744099777.690,11.40,27.09,-1.28,52.63,68.33,-60.27,178.12,88.65,190.36,-132.05,-3.49,132.42
1744099777.790,12.37,27.36,-1.80,51.30,67.67,-57.59,177.92,90.76,189.41,-133.39,-3.65,133.68
1744099777.925,12.75,27.47,-2.01,50.79,67.41,-56.55,177.84,91.58,189.04,-133.91,-3.69,134.16
1744099778.061,13.57,27.70,-2.45,49.67,66.85,-54.28,177.67,93.37,188.28,-135.03,-3.76,135.20
1744099778.161,14.02,27.83,-2.69,49.06,66.54,-53.04,177.58,94.35,187.87,-135.63,-3.79,135.76
1744099778.319,14.40,27.94,-2.89,48.55,66.28,-52.01,177.51,95.16,187.54,-136.13,-3.80,136.22
1744099778.419,15.15,28.15,-3.29,47.53,65.77,-49.94,177.36,96.80,186.88,-137.12,-3.79,137.13
1744099778.560,15.52,28.25,-3.49,47.02,65.51,-48.92,177.29,97.61,186.57,-137.61,-3.78,137.58
1744099778.661,16.27,28.47,-3.89,46.00,65.00,-46.85,177.15,99.25,185.95,-138.58,-3.73,138.48
1744099778.761,16.72,28.59,-4.13,45.39,64.69,-45.61,177.06,100.24,185.59,-139.15,-3.68,139.01
1744099778.897,16.80,28.62,-4.18,45.29,64.64,-45.40,177.05,100.40,185.53,-139.25,-3.68,139.10
1744099779.010,17.85,28.91,-4.74,43.86,63.92,-42.51,176.85,102.71,184.74,-140.56,-3.52,140.31
1744099779.184,18.30,29.04,-4.98,43.25,63.61,-41.27,176.76,103.70,184.41,-141.11,-3.44,140.83
1744099779.290,19.12,29.27,-5.42,42.13,63.05,-39.00,176.61,105.53,183.83,-142.11,-3.26,141.77
1744099779.468,19.42,29.36,-5.58,41.72,62.84,-38.17,176.55,106.20,183.63,-142.46,-3.18,142.11
1744099779.588,20.47,29.66,-6.14,40.30,62.13,-35.28,176.35,108.55,182.96,-143.68,-2.88,143.28
1744099779.692,20.85,29.76,-6.35,39.78,61.87,-34.24,176.28,109.40,182.72,-144.11,-2.76,143.70
1744099779.809,21.30,29.89,-6.59,39.17,61.56,-33.00,176.19,110.42,182.46,-144.62,-2.61,144.20
1744099779.910,21.90,30.06,-6.91,38.36,61.15,-31.35,176.07,111.78,182.12,-145.28,-2.38,144.86
1744099780.024,22.20,30.15,-7.07,37.95,60.94,-30.52,176.01,112.46,181.95,-145.60,-2.27,145.19
1744099780.140,22.95,30.36,-7.47,36.93,60.43,-28.47,175.86,114.18,181.56,-146.40,-1.95,146.00
1744099780.241,23.40,30.48,-7.71,36.32,60.12,-27.23,175.76,115.22,181.34,-146.86,-1.75,146.48
1744099780.361,23.62,30.55,-7.83,36.02,59.97,-26.61,175.71,115.74,181.23,-147.09,-1.65,146.73
1744099780.498,24.52,30.80,-8.31,34.79,59.35,-24.13,175.52,117.83,180.82,-147.99,-1.21,147.69
1744099780.653,24.90,30.91,-8.52,34.28,59.10,-23.09,175.43,118.72,180.66,-148.35,-1.01,148.10
1744099780.768,25.72,31.14,-8.96,33.16,58.53,-20.82,175.24,120.67,180.34,-149.13,-0.57,148.97
1744099780.908,26.17,31.27,-9.20,32.55,58.22,-19.58,175.13,121.74,180.18,-149.54,-0.31,149.45
1744099781.081,26.70,31.42,-9.48,31.84,57.86,-18.14,175.00,123.00,180.00,-150.00,0.00,150.00
