timestamp,joint_angles,cartesian_pose
1747200969.301,23.49,37.51,-6.75,28.19,54.87,-49.47,185.09,109.91,149.40,-156.13,-2.22,123.07
1747200969.507,23.40,37.41,-7.14,28.08,55.35,-49.31,185.24,109.70,150.64,-156.08,-2.22,123.06
1747200969.676,23.37,37.37,-7.26,28.05,55.50,-49.26,185.29,109.63,151.03,-156.07,-2.23,123.06
1747200969.776,23.30,37.27,-7.62,27.95,55.93,-49.10,185.42,109.43,152.18,-156.03,-2.23,123.05
1747200969.876,23.26,37.22,-7.80,27.91,56.15,-49.03,185.48,109.33,152.75,-156.01,-2.24,123.05
1747200970.058,23.20,37.15,-8.07,27.83,56.48,-48.92,185.57,109.17,153.61,-155.98,-2.24,123.04
1747200970.159,23.15,37.08,-8.31,27.77,56.78,-48.82,185.64,109.03,154.38,-155.95,-2.24,123.04
1747200970.286,23.11,37.04,-8.46,27.73,56.96,-48.75,185.69,108.94,154.86,-155.94,-2.25,123.03
1747200970.471,23.02,36.92,-8.88,27.62,57.47,-48.58,185.81,108.69,156.20,-155.90,-2.25,123.02
1747200970.572,22.98,36.87,-9.06,27.57,57.69,-48.50,185.86,108.57,156.78,-155.89,-2.25,123.02
1747200970.714,22.98,36.87,-9.06,27.57,57.69,-48.50,185.86,108.57,156.78,-155.89,-2.25,123.02
1747200970.833,22.89,36.75,-9.51,27.45,58.24,-48.32,185.98,108.29,158.21,-155.85,-2.26,123.01
1747200970.953,22.85,36.70,-9.69,27.40,58.46,-48.24,186.02,108.17,158.79,-155.83,-2.26,123.00
1747200971.121,22.77,36.60,-10.05,27.31,58.90,-48.09,186.10,107.93,159.94,-155.81,-2.26,123.00
1747200971.221,22.73,36.55,-10.23,27.26,59.12,-48.02,186.14,107.81,160.51,-155.80,-2.26,122.99
1747200971.366,22.71,36.53,-10.32,27.24,59.23,-47.98,186.15,107.74,160.80,-155.79,-2.26,122.99
1747200971.492,22.62,36.42,-10.71,27.13,59.70,-47.82,186.23,107.47,162.04,-155.77,-2.27,122.98
1747200971.592,22.59,36.37,-10.89,27.09,59.92,-47.74,186.26,107.35,162.62,-155.76,-2.27,122.98
1747200971.720,22.57,36.35,-10.95,27.07,60.00,-47.72,186.27,107.30,162.81,-155.75,-2.27,122.98
1747200971.857,22.48,36.23,-11.37,26.96,60.51,-47.54,186.33,107.00,164.15,-155.73,-2.27,122.97
1747200972.049,22.45,36.20,-11.49,26.93,60.65,-47.49,186.35,106.91,164.54,-155.73,-2.27,122.97
1747200972.158,22.36,36.09,-11.91,26.81,61.17,-47.32,186.40,106.60,165.87,-155.71,-2.27,122.96
1747200972.263,22.32,36.04,-12.09,26.77,61.38,-47.24,186.42,106.47,166.45,-155.70,-2.27,122.96
1747200972.415,22.32,36.03,-12.12,26.76,61.42,-47.23,186.42,106.44,166.55,-155.70,-2.26,122.96
1747200972.516,22.23,35.91,-12.54,26.65,61.93,-47.05,186.46,106.12,167.88,-155.69,-2.26,122.95
1747200972.737,22.17,35.84,-12.78,26.58,62.23,-46.95,186.47,105.93,168.65,-155.68,-2.26,122.95
1747200972.838,22.10,35.75,-13.14,26.49,62.66,-46.80,186.49,105.65,169.79,-155.67,-2.26,122.95
1747200972.939,22.06,35.70,-13.32,26.44,62.88,-46.73,186.50,105.50,170.37,-155.67,-2.26,122.94
1747200973.049,22.04,35.68,-13.38,26.42,62.96,-46.70,186.50,105.45,170.56,-155.67,-2.26,122.94
1747200973.185,21.97,35.58,-13.74,26.33,63.40,-46.55,186.51,105.15,171.71,-155.66,-2.25,122.94
1747200973.321,21.92,35.52,-13.95,26.27,63.65,-46.46,186.51,104.98,172.37,-155.66,-2.25,122.94
1747200973.426,21.90,35.50,-14.04,26.25,63.76,-46.43,186.51,104.91,172.66,-155.66,-2.25,122.94
1747200973.526,21.83,35.40,-14.37,26.16,64.17,-46.29,186.50,104.63,173.71,-155.66,-2.24,122.93
1747200973.683,21.80,35.36,-14.52,26.12,64.35,-46.23,186.50,104.50,174.18,-155.66,-2.24,122.93
1747200973.845,21.70,35.25,-14.94,26.01,64.86,-46.05,186.47,104.13,175.51,-155.66,-2.23,122.93
1747200973.947,21.67,35.20,-15.09,25.97,65.04,-45.99,186.46,104.00,175.99,-155.67,-2.23,122.93
1747200974.056,21.65,35.18,-15.18,25.95,65.15,-45.95,186.46,103.92,176.28,-155.67,-2.23,122.93
1747200974.171,21.57,35.08,-15.54,25.85,65.59,-45.80,186.43,103.60,177.42,-155.67,-2.22,122.93
1747200974.275,21.55,35.05,-15.66,25.82,65.74,-45.75,186.42,103.49,177.80,-155.67,-2.22,122.93
1747200974.382,21.51,35.00,-15.84,25.77,65.96,-45.68,186.40,103.33,178.37,-155.68,-2.21,122.93
1747200974.491,21.45,34.92,-16.11,25.70,66.29,-45.56,186.36,103.08,179.22,-155.68,-2.21,122.93
1747200974.661,21.43,34.90,-16.20,25.68,66.40,-45.53,186.35,103.00,179.51,-155.69,-2.20,122.93
1747200974.777,21.34,34.78,-16.62,25.56,66.91,-45.35,186.29,102.61,180.84,-155.70,-2.19,122.93
1747200974.877,21.30,34.73,-16.80,25.52,67.13,-45.27,186.26,102.44,181.41,-155.71,-2.19,122.93
1747200974.993,21.30,34.73,-16.80,25.52,67.13,-45.27,186.26,102.44,181.41,-155.71,-2.19,122.93
1747200975.126,21.20,34.61,-17.25,25.40,67.68,-45.09,186.18,102.01,182.83,-155.72,-2.17,122.93
1747200975.226,21.16,34.56,-17.43,25.35,67.90,-45.01,186.15,101.84,183.39,-155.73,-2.17,122.93
1747200975.349,21.16,34.55,-17.46,25.34,67.93,-45.00,186.14,101.81,183.48,-155.73,-2.16,122.93
1747200975.450,21.08,34.45,-17.82,25.24,68.37,-44.85,186.06,101.46,184.62,-155.75,-2.15,122.94
1747200975.550,21.04,34.40,-18.00,25.20,68.59,-44.77,186.02,101.28,185.18,-155.76,-2.15,122.94
1747200975.655,21.03,34.39,-18.03,25.19,68.63,-44.76,186.01,101.25,185.28,-155.76,-2.14,122.94
1747200975.760,20.95,34.29,-18.39,25.09,69.07,-44.61,185.93,100.89,186.41,-155.78,-2.13,122.94
1747200975.860,20.92,34.24,-18.57,25.05,69.29,-44.54,185.88,100.71,186.98,-155.79,-2.12,122.94
1747200975.986,20.90,34.23,-18.63,25.03,69.36,-44.51,185.86,100.65,187.16,-155.80,-2.12,122.95
1747200976.116,20.82,34.12,-19.02,24.93,69.84,-44.35,185.75,100.25,188.39,-155.82,-2.10,122.95
1747200976.236,20.78,34.08,-19.17,24.89,70.02,-44.29,185.71,100.10,188.85,-155.83,-2.10,122.95
1747200976.341,20.76,34.04,-19.29,24.85,70.16,-44.24,185.67,99.97,189.23,-155.84,-2.09,122.96
1747200976.482,20.67,33.93,-19.68,24.75,70.64,-44.07,185.55,99.57,190.45,-155.87,-2.08,122.96
1747200976.616,20.63,33.88,-19.86,24.70,70.86,-44.00,185.48,99.38,191.01,-155.89,-2.07,122.97
1747200976.717,20.58,33.82,-20.10,24.64,71.15,-43.90,185.40,99.12,191.76,-155.91,-2.05,122.97
1747200976.817,20.54,33.77,-20.28,24.59,71.37,-43.82,185.34,98.93,192.32,-155.92,-2.05,122.98
1747200976.988,20.52,33.74,-20.37,24.57,71.48,-43.79,185.30,98.84,192.60,-155.93,-2.04,122.98
1747200977.096,20.43,33.63,-20.79,24.46,71.99,-43.61,185.14,98.38,193.91,-155.97,-2.02,122.99
1747200977.197,20.39,33.58,-20.97,24.41,72.21,-43.54,185.07,98.19,194.47,-155.98,-2.01,122.99
1747200977.308,20.39,33.57,-21.00,24.40,72.25,-43.52,185.06,98.15,194.56,-155.99,-2.01,123.00
1747200977.447,20.36,33.53,-21.13,24.36,72.41,-43.47,185.00,98.01,194.97,-156.00,-2.00,123.00
1747200977.547,20.39,33.57,-20.98,24.41,72.22,-43.53,185.07,98.18,194.49,-155.98,-2.01,122.99
1747200977.711,20.41,33.59,-20.92,24.42,72.14,-43.56,185.09,98.25,194.31,-155.98,-2.01,122.99
1747200977.833,20.50,33.71,-20.47,24.54,71.60,-43.75,185.26,98.74,192.94,-155.93,-2.03,122.98
1747200977.989,20.54,33.75,-20.32,24.59,71.41,-43.81,185.31,98.90,192.48,-155.92,-2.03,122.97
1747200978.156,20.63,33.86,-19.87,24.71,70.86,-44.00,185.46,99.37,191.11,-155.87,-2.05,122.96
1747200978.256,20.67,33.91,-19.69,24.75,70.64,-44.07,185.52,99.56,190.56,-155.86,-2.05,122.95
1747200978.366,20.68,33.92,-19.66,24.76,70.61,-44.09,185.53,99.59,190.46,-155.86,-2.05,122.95
1747200978.512,20.77,34.03,-19.24,24.88,70.09,-44.26,185.66,100.03,189.18,-155.82,-2.07,122.94
1747200978.685,20.81,34.07,-19.06,24.92,69.88,-44.34,185.71,100.21,188.63,-155.81,-2.07,122.94
1747200978.790,20.88,34.16,-18.73,25.01,69.47,-44.47,185.80,100.55,187.61,-155.78,-2.08,122.93
1747200978.891,20.92,34.21,-18.55,25.06,69.25,-44.55,185.85,100.73,187.06,-155.77,-2.09,122.93
1747200978.996,20.94,34.23,-18.46,25.09,69.14,-44.59,185.87,100.82,186.78,-155.76,-2.09,122.93
1747200979.172,21.03,34.34,-18.04,25.20,68.63,-44.76,185.97,101.24,185.49,-155.73,-2.10,122.92
1747200979.273,21.07,34.38,-17.86,25.25,68.41,-44.84,186.01,101.42,184.93,-155.72,-2.10,122.92
1747200979.393,21.10,34.42,-17.74,25.28,68.27,-44.89,186.04,101.54,184.57,-155.71,-2.11,122.91
1747200979.512,21.16,34.49,-17.44,25.36,67.90,-45.01,186.10,101.83,183.64,-155.70,-2.11,122.91
1747200979.614,21.20,34.54,-17.26,25.41,67.68,-45.09,186.13,102.01,183.09,-155.69,-2.12,122.91
1747200979.748,21.22,34.56,-17.20,25.43,67.61,-45.11,186.14,102.06,182.90,-155.68,-2.12,122.91
1747200979.853,21.30,34.66,-16.81,25.53,67.13,-45.28,186.21,102.44,181.69,-155.67,-2.12,122.90
1747200979.954,21.34,34.70,-16.63,25.58,66.91,-45.35,186.23,102.60,181.14,-155.66,-2.13,122.90
1747200980.078,21.34,34.70,-16.63,25.58,66.91,-45.35,186.23,102.60,181.14,-155.66,-2.13,122.90
1747200980.183,21.42,34.81,-16.24,25.68,66.44,-45.52,186.29,102.97,179.93,-155.64,-2.13,122.90
1747200980.284,21.46,34.85,-16.06,25.73,66.22,-45.59,186.31,103.13,179.38,-155.63,-2.13,122.90
1747200980.436,21.48,34.87,-16.00,25.75,66.14,-45.62,186.32,103.19,179.19,-155.63,-2.13,122.90
1747200980.552,21.57,34.98,-15.58,25.86,65.63,-45.79,186.36,103.57,177.89,-155.62,-2.14,122.89
1747200980.773,21.61,35.02,-15.40,25.91,65.41,-45.87,186.38,103.73,177.33,-155.61,-2.14,122.89
1747200980.884,21.70,35.13,-14.98,26.02,64.90,-46.04,186.40,104.10,176.02,-155.61,-2.14,122.89
1747200981.006,21.74,35.18,-14.80,26.07,64.68,-46.12,186.41,104.26,175.47,-155.60,-2.14,122.89
1747200981.171,21.82,35.27,-14.44,26.17,64.24,-46.27,186.43,104.57,174.35,-155.60,-2.14,122.89
1747200981.271,21.85,35.32,-14.26,26.22,64.02,-46.34,186.43,104.73,173.79,-155.60,-2.14,122.89
1747200981.377,21.88,35.35,-14.14,26.25,63.87,-46.39,186.43,104.83,173.41,-155.60,-2.14,122.89
1747200981.494,21.93,35.41,-13.90,26.31,63.58,-46.49,186.43,105.03,172.66,-155.59,-2.14,122.89
1747200981.597,21.98,35.47,-13.69,26.37,63.32,-46.58,186.43,105.20,172.01,-155.59,-2.14,122.90
1747200981.717,22.01,35.51,-13.54,26.41,63.14,-46.65,186.43,105.33,171.54,-155.59,-2.14,122.90
1747200981.846,22.08,35.59,-13.24,26.49,62.77,-46.77,186.42,105.57,170.61,-155.60,-2.14,122.90
1747200981.960,22.12,35.64,-13.03,26.55,62.52,-46.86,186.41,105.74,169.95,-155.60,-2.14,122.90
1747200982.155,22.15,35.67,-12.91,26.58,62.37,-46.91,186.41,105.84,169.58,-155.60,-2.14,122.90
1747200982.266,22.24,35.78,-12.49,26.69,61.86,-47.09,186.38,106.17,168.26,-155.61,-2.14,122.90
1747200982.397,22.28,35.83,-12.31,26.74,61.64,-47.16,186.36,106.31,167.70,-155.61,-2.14,122.91
1747200982.510,22.29,35.83,-12.28,26.75,61.60,-47.17,186.36,106.33,167.61,-155.61,-2.14,122.91
1747200982.641,22.39,35.96,-11.80,26.88,61.02,-47.37,186.31,106.70,166.11,-155.62,-2.13,122.91
1747200982.757,22.42,35.99,-11.68,26.91,60.87,-47.42,186.30,106.79,165.73,-155.63,-2.13,122.91
1747200982.917,22.50,36.08,-11.32,27.01,60.43,-47.57,186.25,107.05,164.61,-155.64,-2.12,122.92
1747200983.050,22.53,36.13,-11.14,27.06,60.21,-47.65,186.22,107.18,164.04,-155.65,-2.12,122.92
1747200983.250,22.63,36.24,-10.72,27.17,59.70,-47.83,186.15,107.48,162.73,-155.67,-2.11,122.92
1747200983.385,22.66,36.29,-10.54,27.22,59.48,-47.90,186.12,107.61,162.17,-155.68,-2.11,122.93
1747200983.556,22.75,36.39,-10.15,27.32,59.00,-48.06,186.04,107.88,160.95,-155.70,-2.10,122.93
1747200983.656,22.79,36.44,-9.97,27.37,58.78,-48.14,186.01,108.00,160.38,-155.71,-2.10,122.94
1747200983.793,22.81,36.47,-9.85,27.41,58.64,-48.19,185.98,108.08,160.01,-155.71,-2.10,122.94
1747200983.911,22.89,36.55,-9.52,27.49,58.23,-48.33,185.91,108.30,158.98,-155.74,-2.09,122.94
1747200984.150,22.93,36.60,-9.34,27.54,58.01,-48.40,185.86,108.42,158.41,-155.75,-2.08,122.95
1747200984.277,23.03,36.72,-8.86,27.67,57.43,-48.60,185.74,108.72,156.91,-155.78,-2.07,122.96
1747200984.397,23.06,36.76,-8.71,27.71,57.24,-48.67,185.69,108.82,156.44,-155.80,-2.07,122.96
1747200984.513,23.10,36.80,-8.56,27.75,57.06,-48.73,185.65,108.91,155.97,-155.81,-2.06,122.96
1747200984.614,23.16,36.88,-8.26,27.83,56.69,-48.85,185.56,109.09,155.03,-155.84,-2.05,122.97
1747200984.729,23.18,36.90,-8.17,27.86,56.58,-48.89,185.53,109.15,154.75,-155.84,-2.05,122.97
1747200984.894,23.27,37.01,-7.75,27.97,56.07,-49.07,185.40,109.39,153.44,-155.88,-2.04,122.98
1747200984.994,23.31,37.06,-7.57,28.02,55.85,-49.14,185.34,109.50,152.87,-155.90,-2.03,122.98
1747200985.120,23.32,37.07,-7.54,28.03,55.82,-49.16,185.33,109.51,152.78,-155.90,-2.03,122.98
1747200985.250,23.41,37.18,-7.12,28.14,55.30,-49.33,185.18,109.75,151.47,-155.95,-2.02,122.99
1747200985.351,23.45,37.22,-6.94,28.19,55.08,-49.41,185.11,109.85,150.90,-155.97,-2.01,122.99
1747200985.489,23.49,37.28,-6.73,28.25,54.83,-49.49,185.03,109.96,150.24,-155.99,-2.00,123.00
1747200985.605,23.51,37.30,-6.65,28.27,54.74,-49.53,185.00,110.00,150.02,-156.00,-2.00,123.00
1747200985.707,23.48,37.26,-6.80,28.23,54.92,-49.46,185.06,109.92,150.49,-155.98,-2.01,123.00
1747200985.888,23.46,37.24,-6.86,28.21,54.99,-49.44,185.08,109.89,150.67,-155.98,-2.01,123.00
1747200985.999,23.37,37.13,-7.31,28.09,55.54,-49.25,185.25,109.64,152.08,-155.93,-2.02,122.99
1747200986.099,23.33,37.08,-7.49,28.04,55.76,-49.17,185.31,109.54,152.64,-155.91,-2.03,122.98
1747200986.215,23.31,37.06,-7.55,28.02,55.84,-49.15,185.33,109.50,152.83,-155.90,-2.03,122.98
1747200986.358,23.22,36.95,-7.97,27.91,56.35,-48.97,185.47,109.26,154.15,-155.86,-2.05,122.97
1747200986.459,23.18,36.91,-8.15,27.86,56.57,-48.90,185.53,109.15,154.71,-155.84,-2.05,122.97
1747200986.589,23.17,36.89,-8.21,27.85,56.64,-48.87,185.55,109.12,154.90,-155.84,-2.05,122.97
1747200986.693,23.09,36.80,-8.57,27.75,57.08,-48.72,185.66,108.90,156.02,-155.81,-2.06,122.96
1747200986.870,23.05,36.75,-8.75,27.70,57.30,-48.65,185.71,108.79,156.59,-155.79,-2.07,122.96
1747200986.976,22.98,36.67,-9.08,27.61,57.70,-48.51,185.80,108.58,157.62,-155.77,-2.08,122.95
1747200987.076,22.94,36.62,-9.26,27.56,57.92,-48.43,185.84,108.47,158.18,-155.75,-2.08,122.95
1747200987.206,22.91,36.58,-9.41,27.52,58.11,-48.37,185.88,108.37,158.65,-155.74,-2.09,122.95
1747200987.315,22.85,36.51,-9.68,27.45,58.44,-48.26,185.94,108.19,159.50,-155.73,-2.09,122.94
1747200987.443,22.80,36.45,-9.92,27.39,58.73,-48.16,186.00,108.03,160.25,-155.71,-2.10,122.94
1747200987.548,22.77,36.41,-10.07,27.34,58.91,-48.10,186.03,107.93,160.72,-155.70,-2.10,122.93
1747200987.704,22.70,36.33,-10.37,27.26,59.28,-47.97,186.09,107.73,161.66,-155.68,-2.11,122.93
1747200987.806,22.65,36.27,-10.58,27.21,59.54,-47.88,186.13,107.58,162.32,-155.67,-2.11,122.93
1747200987.921,22.63,36.25,-10.67,27.18,59.65,-47.84,186.15,107.52,162.60,-155.67,-2.11,122.93
1747200988.044,22.56,36.17,-11.00,27.09,60.05,-47.71,186.20,107.28,163.63,-155.65,-2.12,122.92
1747200988.144,22.52,36.12,-11.18,27.05,60.27,-47.63,186.23,107.15,164.19,-155.65,-2.12,122.92
1747200988.281,22.52,36.11,-11.21,27.04,60.30,-47.62,186.23,107.13,164.28,-155.64,-2.12,122.92
1747200988.395,22.43,36.00,-11.63,26.92,60.82,-47.44,186.29,106.82,165.60,-155.63,-2.13,122.91
1747200988.512,22.39,35.96,-11.81,26.88,61.04,-47.37,186.31,106.69,166.16,-155.62,-2.13,122.91
1747200988.649,22.33,35.89,-12.05,26.81,61.33,-47.27,186.34,106.50,166.91,-155.62,-2.13,122.91
1747200988.749,22.29,35.84,-12.26,26.75,61.58,-47.18,186.36,106.34,167.57,-155.61,-2.13,122.91
1747200988.890,22.26,35.80,-12.41,26.71,61.77,-47.12,186.37,106.23,168.03,-155.61,-2.14,122.90
1747200988.990,22.19,35.72,-12.71,26.63,62.13,-46.99,186.39,105.99,168.97,-155.60,-2.14,122.90
1747200989.091,22.15,35.67,-12.89,26.58,62.35,-46.92,186.40,105.85,169.53,-155.60,-2.14,122.90
1747200989.209,22.12,35.64,-13.04,26.54,62.54,-46.85,186.41,105.73,170.00,-155.60,-2.14,122.90
1747200989.386,22.04,35.54,-13.40,26.45,62.98,-46.70,186.43,105.44,171.12,-155.59,-2.14,122.90
1747200989.487,22.00,35.49,-13.61,26.39,63.23,-46.61,186.43,105.27,171.78,-155.59,-2.14,122.90
1747200989.616,21.98,35.47,-13.67,26.37,63.30,-46.59,186.43,105.22,171.96,-155.59,-2.14,122.90
1747200989.717,21.91,35.39,-14.00,26.29,63.71,-46.45,186.43,104.94,172.99,-155.59,-2.14,122.89
1747200989.818,21.87,35.34,-14.18,26.24,63.93,-46.38,186.43,104.79,173.55,-155.60,-2.14,122.89
1747200989.979,21.84,35.30,-14.33,26.20,64.11,-46.31,186.43,104.66,174.02,-155.60,-2.14,122.89
1747200990.095,21.76,35.21,-14.69,26.10,64.55,-46.16,186.42,104.35,175.14,-155.60,-2.14,122.89
1747200990.274,21.73,35.17,-14.84,26.06,64.73,-46.10,186.41,104.22,175.61,-155.60,-2.14,122.89
1747200990.374,21.65,35.07,-15.20,25.96,65.17,-45.95,186.39,103.91,176.72,-155.61,-2.14,122.89
1747200990.474,21.61,35.03,-15.38,25.91,65.39,-45.87,186.38,103.75,177.28,-155.61,-2.14,122.89
1747200990.661,21.58,34.99,-15.53,25.87,65.57,-45.81,186.36,103.61,177.75,-155.62,-2.14,122.89
1747200990.766,21.50,34.90,-15.89,25.78,66.01,-45.66,186.33,103.29,178.86,-155.63,-2.13,122.90
1747200990.875,21.46,34.85,-16.07,25.73,66.23,-45.59,186.31,103.12,179.42,-155.64,-2.13,122.90
1747200990.995,21.43,34.82,-16.19,25.70,66.38,-45.53,186.29,103.01,179.79,-155.64,-2.13,122.90
1747200991.107,21.36,34.73,-16.52,25.61,66.78,-45.40,186.25,102.70,180.81,-155.65,-2.13,122.90
1747200991.211,21.33,34.69,-16.67,25.57,66.97,-45.33,186.23,102.56,181.28,-155.66,-2.12,122.90
1747200991.382,21.26,34.61,-17.00,25.48,67.37,-45.20,186.17,102.25,182.30,-155.67,-2.12,122.90
1747200991.482,21.22,34.56,-17.18,25.43,67.59,-45.12,186.14,102.08,182.86,-155.68,-2.12,122.91
1747200991.609,21.20,34.54,-17.27,25.41,67.70,-45.08,186.13,101.99,183.14,-155.69,-2.11,122.91
1747200991.710,21.13,34.45,-17.60,25.32,68.10,-44.95,186.06,101.67,184.15,-155.71,-2.11,122.91
1747200991.811,21.09,34.40,-17.78,25.27,68.32,-44.87,186.03,101.49,184.71,-155.72,-2.10,122.91
1747200991.945,21.07,34.38,-17.87,25.24,68.43,-44.83,186.01,101.41,184.98,-155.72,-2.10,122.92
1747200992.059,20.99,34.29,-18.23,25.15,68.87,-44.68,185.93,101.05,186.09,-155.75,-2.09,122.92
1747200992.160,20.95,34.24,-18.41,25.10,69.09,-44.61,185.88,100.87,186.65,-155.76,-2.09,122.93
1747200992.274,20.94,34.22,-18.47,25.08,69.16,-44.58,185.87,100.81,186.83,-155.76,-2.09,122.93
1747200992.404,20.85,34.12,-18.86,24.98,69.64,-44.42,185.76,100.41,188.03,-155.79,-2.08,122.93
1747200992.512,20.83,34.09,-18.98,24.94,69.79,-44.37,185.73,100.29,188.40,-155.80,-2.08,122.94
1747200992.728,20.73,33.97,-19.43,24.82,70.33,-44.18,185.60,99.83,189.78,-155.84,-2.06,122.95
1747200992.828,20.69,33.93,-19.61,24.77,70.55,-44.10,185.55,99.64,190.33,-155.85,-2.06,122.95
1747200993.014,20.67,33.90,-19.70,24.75,70.66,-44.07,185.52,99.54,190.61,-155.86,-2.05,122.95
1747200993.121,20.57,33.79,-20.15,24.63,71.21,-43.88,185.37,99.07,191.98,-155.90,-2.04,122.97
1747200993.261,20.54,33.75,-20.30,24.59,71.40,-43.82,185.32,98.91,192.44,-155.91,-2.03,122.97
1747200993.397,20.47,33.66,-20.63,24.50,71.80,-43.68,185.20,98.55,193.45,-155.95,-2.02,122.98
1747200993.497,20.43,33.62,-20.81,24.45,72.02,-43.60,185.13,98.36,194.00,-155.97,-2.01,122.99
1747200993.621,20.40,33.58,-20.96,24.41,72.20,-43.54,185.07,98.20,194.45,-155.98,-2.01,122.99
1747200993.746,20.36,33.53,-21.14,24.36,72.42,-43.46,185.00,98.00,195.00,-156.00,-2.00,123.00
1747200993.846,20.37,33.54,-21.10,24.38,72.36,-43.48,185.02,98.05,194.86,-155.99,-2.00,123.00
1747200993.966,20.38,33.56,-21.04,24.39,72.29,-43.51,185.04,98.12,194.68,-155.99,-2.00,123.00
1747200994.080,20.46,33.65,-20.68,24.49,71.85,-43.66,185.18,98.51,193.58,-155.95,-2.02,122.98
1747200994.214,20.51,33.71,-20.44,24.55,71.56,-43.76,185.27,98.76,192.85,-155.93,-2.03,122.98
1747200994.417,20.59,33.81,-20.08,24.65,71.12,-43.91,185.39,99.15,191.76,-155.89,-2.04,122.97
1747200994.517,20.63,33.85,-19.90,24.70,70.90,-43.98,185.45,99.34,191.21,-155.88,-2.05,122.96
1747200994.623,20.64,33.87,-19.84,24.71,70.83,-44.01,185.47,99.40,191.02,-155.87,-2.05,122.96
1747200994.737,20.72,33.96,-19.48,24.81,70.39,-44.16,185.59,99.78,189.92,-155.84,-2.06,122.95
1747200994.838,20.76,34.01,-19.30,24.86,70.17,-44.24,185.64,99.97,189.37,-155.83,-2.07,122.94
1747200994.999,20.77,34.03,-19.24,24.88,70.10,-44.26,185.66,100.03,189.18,-155.82,-2.07,122.94
1747200995.099,20.86,34.13,-18.85,24.98,69.62,-44.42,185.77,100.43,187.98,-155.79,-2.08,122.93
1747200995.200,20.89,34.17,-18.67,25.03,69.40,-44.50,185.82,100.61,187.43,-155.78,-2.08,122.93
1747200995.304,20.90,34.18,-18.64,25.04,69.37,-44.51,185.82,100.64,187.34,-155.77,-2.08,122.93
1747200995.444,20.99,34.29,-18.22,25.15,68.85,-44.69,185.93,101.06,186.05,-155.74,-2.09,122.92
1747200995.578,21.03,34.34,-18.04,25.20,68.63,-44.76,185.97,101.24,185.49,-155.73,-2.10,122.92
1747200995.711,21.10,34.42,-17.74,25.28,68.27,-44.89,186.04,101.54,184.57,-155.71,-2.11,122.91
1747200995.811,21.14,34.46,-17.56,25.33,68.05,-44.96,186.07,101.71,184.02,-155.70,-2.11,122.91
1747200995.915,21.16,34.49,-17.44,25.36,67.90,-45.01,186.10,101.83,183.65,-155.70,-2.11,122.91
1747200996.124,21.26,34.61,-16.99,25.48,67.35,-45.20,186.18,102.26,182.26,-155.67,-2.12,122.90
1747200996.224,21.30,34.66,-16.81,25.53,67.13,-45.28,186.21,102.43,181.70,-155.67,-2.12,122.90
1747200996.352,21.30,34.66,-16.81,25.53,67.13,-45.28,186.21,102.43,181.70,-155.67,-2.12,122.90
1747200996.457,21.39,34.77,-16.39,25.64,66.62,-45.45,186.27,102.83,180.40,-155.65,-2.13,122.90
1747200996.558,21.43,34.81,-16.21,25.69,66.40,-45.53,186.29,102.99,179.84,-155.64,-2.13,122.90
1747200996.672,21.44,34.83,-16.15,25.71,66.33,-45.55,186.30,103.05,179.66,-155.64,-2.13,122.90
1747200996.777,21.52,34.91,-15.82,25.80,65.92,-45.69,186.34,103.35,178.63,-155.63,-2.14,122.90
1747200996.877,21.55,34.96,-15.64,25.85,65.70,-45.77,186.35,103.52,178.08,-155.62,-2.14,122.89
1747200996.986,21.56,34.97,-15.61,25.85,65.67,-45.78,186.36,103.54,177.99,-155.62,-2.14,122.89
1747200997.104,21.65,35.07,-15.22,25.96,65.19,-45.94,186.39,103.89,176.77,-155.61,-2.14,122.89
1747200997.224,21.68,35.12,-15.04,26.01,64.97,-46.02,186.40,104.05,176.21,-155.61,-2.14,122.89
1747200997.434,21.77,35.22,-14.65,26.11,64.50,-46.18,186.42,104.39,175.00,-155.60,-2.14,122.89
1747200997.536,21.82,35.27,-14.44,26.17,64.24,-46.27,186.43,104.57,174.35,-155.60,-2.14,122.89
1747200997.648,21.82,35.27,-14.44,26.17,64.24,-46.27,186.43,104.57,174.35,-155.60,-2.14,122.89
1747200997.778,21.91,35.38,-14.02,26.28,63.73,-46.44,186.43,104.93,173.04,-155.59,-2.14,122.89
1747200997.879,21.95,35.43,-13.84,26.33,63.51,-46.52,186.43,105.08,172.48,-155.59,-2.14,122.89
1747200998.034,21.97,35.45,-13.75,26.35,63.40,-46.56,186.43,105.15,172.20,-155.59,-2.14,122.90
1747200998.172,22.06,35.57,-13.30,26.48,62.85,-46.75,186.42,105.52,170.80,-155.60,-2.14,122.90
1747200998.341,22.10,35.61,-13.15,26.52,62.67,-46.81,186.42,105.64,170.33,-155.60,-2.14,122.90
1747200998.458,22.17,35.70,-12.79,26.61,62.23,-46.96,186.40,105.93,169.21,-155.60,-2.14,122.90
1747200998.558,22.21,35.75,-12.61,26.66,62.01,-47.03,186.39,106.07,168.64,-155.60,-2.14,122.90
1747200998.669,22.25,35.80,-12.43,26.71,61.79,-47.11,186.37,106.26,167.90,-155.61,-2.14,122.90
1747200998.873,22.32,35.88,-12.10,26.80,61.38,-47.25,186.34,106.47,167.05,-155.62,-2.13,122.91
1747200999.013,22.39,35.96,-11.80,26.88,61.02,-47.37,186.31,106.70,166.11,-155.62,-2.13,122.91
1747200999.113,22.43,36.01,-11.62,26.93,60.80,-47.45,186.29,106.83,165.55,-155.63,-2.13,122.91
