timestamp,joint_angles,cartesian_pose
1744102121.830,26.69,31.60,-9.47,31.84,57.86,-18.14,175.12,123.05,179.32,-150.08,-0.14,150.08
1744102121.965,26.70,31.50,-9.47,31.84,57.86,-18.14,175.06,123.03,179.67,-150.04,-0.07,150.04
1744102122.068,26.71,31.44,-9.46,31.85,57.83,-18.15,175.01,123.07,179.89,-150.00,-0.00,150.00
1744102122.262,26.88,31.66,-9.30,31.98,57.42,-18.25,175.07,123.77,178.80,-149.98,-0.01,149.99
1744102122.367,27.37,32.31,-8.82,32.38,56.23,-18.55,175.23,125.82,175.54,-149.93,-0.03,149.98
1744102122.577,27.64,32.66,-8.57,32.59,55.59,-18.71,175.28,126.91,173.78,-149.91,-0.04,149.98
1744102122.688,28.10,33.26,-8.12,32.95,54.50,-18.99,175.34,128.75,170.75,-149.90,-0.04,149.98
1744102122.800,28.25,33.46,-7.98,33.07,54.13,-19.08,175.34,129.35,169.75,-149.89,-0.04,149.98
1744102122.928,28.67,34.01,-7.57,33.40,53.13,-19.34,175.33,131.00,166.94,-149.90,-0.04,149.98
1744102123.138,28.86,34.26,-7.39,33.56,52.67,-19.45,175.31,131.73,165.67,-149.90,-0.04,149.98
1744102123.257,29.43,35.01,-6.84,34.01,51.30,-19.80,175.19,133.91,161.83,-149.94,-0.02,149.99
1744102123.382,29.58,35.21,-6.69,34.13,50.93,-19.89,175.15,134.48,160.79,-149.95,-0.02,149.99
1744102123.493,29.95,35.70,-6.33,34.43,50.04,-20.12,175.02,135.85,158.27,-149.99,-0.00,150.00
1744102123.593,29.99,35.75,-6.29,34.46,49.94,-20.15,175.00,136.00,158.00,-150.00,-0.00,150.00
1744102123.717,29.98,35.76,-6.22,34.49,49.89,-20.21,175.00,135.95,157.84,-150.00,-0.00,150.00
1744102123.838,29.85,35.80,-5.57,34.84,49.38,-20.85,175.01,135.44,156.30,-150.00,-0.00,150.00
1744102124.024,29.75,35.83,-5.03,35.14,48.97,-21.38,175.00,135.01,155.03,-150.00,-0.00,150.00
1744102124.125,29.74,35.82,-5.03,35.14,48.97,-21.38,175.00,134.98,155.05,-150.00,-0.00,150.00
1744102124.226,29.57,35.58,-5.27,34.96,49.46,-21.21,175.08,134.40,156.43,-149.97,-0.01,149.99
1744102124.397,29.23,35.09,-5.77,34.58,50.46,-20.84,175.22,133.16,159.28,-149.92,-0.03,149.98
1744102124.498,29.03,34.79,-6.07,34.36,51.06,-20.62,175.29,132.41,160.98,-149.89,-0.04,149.98
1744102124.623,28.96,34.69,-6.17,34.29,51.26,-20.55,175.31,132.16,161.54,-149.89,-0.05,149.97
1744102124.747,28.51,34.05,-6.82,33.81,52.56,-20.07,175.39,130.46,165.22,-149.86,-0.06,149.96
1744102124.854,28.31,33.75,-7.12,33.58,53.16,-19.85,175.40,129.67,166.91,-149.85,-0.06,149.96
1744102125.064,27.86,33.10,-7.78,33.10,54.46,-19.38,175.38,127.89,170.56,-149.86,-0.06,149.96
1744102125.200,27.69,32.86,-8.02,32.92,54.96,-19.20,175.35,127.20,171.95,-149.87,-0.05,149.97
1744102125.340,27.28,32.26,-8.63,32.47,56.16,-18.76,175.25,125.50,175.29,-149.91,-0.04,149.97
1744102125.441,27.07,31.97,-8.93,32.25,56.76,-18.54,175.18,124.63,176.95,-149.94,-0.03,149.98
1744102125.591,26.90,31.72,-9.17,32.06,57.26,-18.36,175.10,123.90,178.32,-149.96,-0.02,149.99
1744102125.741,26.71,31.44,-9.46,31.85,57.83,-18.15,175.01,123.06,179.90,-150.00,-0.00,150.00
1744102125.849,26.76,31.51,-9.41,31.89,57.70,-18.18,175.03,123.29,179.55,-149.99,-0.00,150.00
1744102125.960,27.18,32.06,-9.01,32.23,56.69,-18.43,175.18,125.03,176.81,-149.95,-0.02,149.99
1744102126.060,27.41,32.36,-8.79,32.41,56.15,-18.57,175.24,125.97,175.30,-149.93,-0.03,149.98
1744102126.175,27.52,32.51,-8.68,32.50,55.87,-18.64,175.26,126.44,174.55,-149.92,-0.03,149.98
1744102126.298,27.94,33.06,-8.27,32.83,54.87,-18.90,175.33,128.13,171.78,-149.90,-0.04,149.98
1744102126.399,28.17,33.36,-8.05,33.01,54.32,-19.04,175.34,129.04,170.26,-149.90,-0.04,149.98
1744102126.504,28.21,33.41,-8.02,33.04,54.23,-19.06,175.34,129.19,170.01,-149.89,-0.04,149.98
1744102126.608,28.67,34.01,-7.58,33.40,53.13,-19.34,175.33,130.99,166.96,-149.90,-0.04,149.98
1744102126.762,28.82,34.21,-7.43,33.52,52.77,-19.43,175.32,131.57,165.95,-149.90,-0.04,149.98
1744102126.868,29.24,34.76,-7.02,33.86,51.76,-19.68,175.24,133.18,163.12,-149.92,-0.03,149.98
1744102126.968,29.46,35.06,-6.80,34.04,51.21,-19.82,175.18,134.04,161.58,-149.94,-0.02,149.99
1744102127.082,29.61,35.26,-6.66,34.16,50.85,-19.92,175.14,134.61,160.56,-149.96,-0.02,149.99
1744102127.196,29.97,35.73,-6.31,34.44,49.98,-20.13,175.01,135.94,158.12,-150.00,-0.00,150.00
1744102127.326,29.99,35.75,-6.29,34.46,49.94,-20.15,175.00,136.00,158.00,-150.00,0.00,150.00
1744102127.462,29.89,35.79,-5.75,34.75,49.52,-20.67,175.01,135.58,156.72,-150.00,-0.00,150.00
1744102127.563,29.82,35.81,-5.39,34.94,49.24,-21.03,175.01,135.30,155.88,-150.00,-0.00,150.00
1744102127.674,29.82,35.81,-5.39,34.94,49.24,-21.03,175.01,135.30,155.88,-150.00,-0.00,150.00
1744102127.780,29.73,35.81,-5.04,35.13,48.99,-21.38,175.01,134.96,155.10,-150.00,-0.00,150.00
1744102127.924,29.55,35.55,-5.30,34.93,49.52,-21.18,175.09,134.32,156.62,-149.96,-0.01,149.99
1744102128.030,29.24,35.10,-5.75,34.60,50.42,-20.85,175.22,133.21,159.18,-149.92,-0.03,149.98
1744102128.132,29.04,34.81,-6.05,34.38,51.02,-20.63,175.28,132.45,160.88,-149.89,-0.04,149.98
1744102128.260,28.93,34.66,-6.20,34.26,51.32,-20.53,175.31,132.07,161.73,-149.88,-0.05,149.97
1744102128.386,28.52,34.06,-6.81,33.82,52.52,-20.09,175.38,130.51,165.12,-149.86,-0.06,149.97
1744102128.499,28.39,33.87,-7.01,33.67,52.92,-19.94,175.40,129.98,166.25,-149.85,-0.06,149.96
1744102128.730,27.81,33.02,-7.86,33.04,54.62,-19.32,175.37,127.67,171.01,-149.86,-0.06,149.96
1744102128.835,27.63,32.77,-8.11,32.85,55.13,-19.14,175.34,126.96,172.42,-149.87,-0.05,149.97
1744102128.964,27.33,32.33,-8.56,32.52,56.03,-18.81,175.26,125.69,174.92,-149.90,-0.04,149.97
1744102129.064,27.12,32.03,-8.86,32.30,56.63,-18.59,175.19,124.82,176.58,-149.93,-0.03,149.98
1744102129.169,27.05,31.93,-8.96,32.22,56.82,-18.52,175.17,124.53,177.13,-149.94,-0.03,149.98
1744102129.277,26.70,31.43,-9.47,31.85,57.84,-18.15,175.00,123.04,179.93,-150.00,-0.00,150.00
1744102129.484,26.73,31.46,-9.45,31.86,57.79,-18.15,175.01,123.13,179.80,-150.00,-0.00,150.00
1744102129.592,27.17,32.04,-9.02,32.22,56.72,-18.43,175.17,124.98,176.88,-149.95,-0.02,149.99
1744102129.789,27.36,32.29,-8.84,32.37,56.27,-18.54,175.22,125.76,175.63,-149.93,-0.03,149.98
1744102129.890,27.86,32.94,-8.36,32.76,55.08,-18.84,175.32,127.78,172.36,-149.90,-0.04,149.98
1744102130.064,28.12,33.30,-8.10,32.97,54.44,-19.01,175.34,128.85,170.58,-149.90,-0.04,149.98
1744102130.169,28.46,33.75,-7.77,33.24,53.61,-19.21,175.34,130.20,168.30,-149.89,-0.04,149.98
1744102130.275,28.69,34.05,-7.55,33.42,53.06,-19.35,175.33,131.09,166.77,-149.90,-0.04,149.98
1744102130.397,28.73,34.09,-7.51,33.45,52.98,-19.38,175.33,131.24,166.53,-149.90,-0.04,149.98
1744102130.497,29.22,34.74,-7.03,33.85,51.79,-19.68,175.25,133.14,163.20,-149.92,-0.03,149.98
1744102130.709,29.45,35.04,-6.81,34.03,51.24,-19.82,175.19,134.00,161.66,-149.94,-0.02,149.99
1744102130.820,29.94,35.69,-6.34,34.42,50.06,-20.12,175.02,135.82,158.33,-149.99,-0.00,150.00
1744102130.955,29.99,35.75,-6.29,34.46,49.94,-20.15,175.00,136.00,158.00,-150.00,0.00,150.00
1744102131.058,29.92,35.78,-5.91,34.66,49.65,-20.52,175.01,135.70,157.10,-150.00,-0.00,150.00
1744102131.158,29.85,35.80,-5.55,34.86,49.37,-20.87,175.01,135.42,156.25,-150.00,-0.00,150.00
1744102131.292,29.80,35.81,-5.31,34.98,49.18,-21.10,175.00,135.24,155.69,-150.00,-0.00,150.00
1744102131.437,29.73,35.81,-5.04,35.13,49.00,-21.37,175.01,134.95,155.11,-150.00,-0.00,150.00
1744102131.577,29.58,35.59,-5.26,34.96,49.44,-21.21,175.08,134.42,156.38,-149.97,-0.01,149.99
1744102131.727,29.14,34.95,-5.91,34.48,50.73,-20.74,175.25,132.82,160.06,-149.90,-0.04,149.98
1744102131.856,28.96,34.70,-6.16,34.30,51.24,-20.56,175.30,132.18,161.49,-149.89,-0.05,149.97
1744102132.025,28.52,34.06,-6.81,33.81,52.53,-20.08,175.38,130.50,165.15,-149.86,-0.06,149.96
1744102132.209,28.35,33.81,-7.06,33.63,53.04,-19.90,175.40,129.83,166.57,-149.85,-0.06,149.96
1744102132.324,27.90,33.17,-7.71,33.15,54.33,-19.43,175.38,128.07,170.21,-149.86,-0.06,149.96
1744102132.425,27.70,32.87,-8.01,32.92,54.93,-19.21,175.36,127.23,171.88,-149.87,-0.05,149.97
1744102132.535,27.70,32.87,-8.01,32.92,54.93,-19.21,175.36,127.23,171.88,-149.87,-0.05,149.97
1744102132.654,27.25,32.22,-8.66,32.44,56.24,-18.73,175.24,125.38,175.50,-149.91,-0.04,149.98
1744102132.780,27.08,31.98,-8.91,32.26,56.73,-18.55,175.18,124.66,176.88,-149.94,-0.03,149.98
1744102132.967,26.70,31.42,-9.48,31.84,57.86,-18.14,175.00,123.00,180.00,-150.00,-0.00,150.00
1744102133.148,26.73,31.46,-9.45,31.86,57.79,-18.15,175.01,123.13,179.80,-150.00,-0.00,150.00
1744102133.260,27.21,32.09,-8.98,32.24,56.63,-18.45,175.18,125.13,176.64,-149.94,-0.02,149.99
1744102133.453,27.40,32.34,-8.80,32.40,56.17,-18.57,175.23,125.92,175.38,-149.93,-0.03,149.98
1744102133.559,27.89,32.99,-8.32,32.79,54.99,-18.87,175.32,127.92,172.12,-149.90,-0.04,149.98
1744102133.742,28.04,33.19,-8.18,32.91,54.62,-18.96,175.33,128.54,171.10,-149.90,-0.04,149.98
1744102133.867,28.58,33.89,-7.66,33.33,53.34,-19.28,175.34,130.64,167.55,-149.90,-0.04,149.98
1744102133.977,28.73,34.09,-7.51,33.45,52.98,-19.38,175.33,131.24,166.53,-149.90,-0.04,149.98
1744102134.138,29.18,34.69,-7.07,33.82,51.88,-19.65,175.25,132.99,163.46,-149.92,-0.03,149.98
1744102134.238,29.41,34.99,-6.85,34.00,51.33,-19.79,175.20,133.85,161.92,-149.94,-0.02,149.99
1744102134.390,29.53,35.14,-6.74,34.09,51.06,-19.86,175.17,134.28,161.15,-149.95,-0.02,149.99
1744102134.494,29.98,35.74,-6.30,34.45,49.96,-20.14,175.00,135.97,158.05,-150.00,-0.00,150.00
1744102134.660,29.99,35.75,-6.29,34.46,49.94,-20.15,175.00,136.00,158.00,-150.00,-0.00,150.00
1744102134.784,29.87,35.79,-5.68,34.78,49.47,-20.74,175.01,135.53,156.56,-150.00,-0.00,150.00
1744102134.902,29.80,35.81,-5.32,34.98,49.19,-21.09,175.00,135.24,155.72,-150.00,-0.00,150.00
1744102135.043,29.74,35.83,-5.02,35.14,48.96,-21.39,175.00,135.00,155.00,-150.00,-0.00,150.00
1744102135.144,29.61,35.64,-5.21,35.00,49.34,-21.25,175.06,134.54,156.09,-149.98,-0.01,149.99
1744102135.253,29.61,35.64,-5.21,35.00,49.34,-21.25,175.06,134.54,156.09,-149.98,-0.01,149.99
1744102135.355,29.20,35.05,-5.81,34.56,50.54,-20.81,175.23,133.07,159.50,-149.91,-0.04,149.98
1744102135.552,28.90,34.60,-6.26,34.22,51.44,-20.48,175.32,131.93,162.05,-149.88,-0.05,149.97
1744102135.682,28.52,34.06,-6.81,33.81,52.53,-20.08,175.38,130.50,165.15,-149.86,-0.06,149.96
1744102135.787,28.35,33.81,-7.06,33.63,53.03,-19.90,175.40,129.83,166.55,-149.85,-0.06,149.96
1744102135.924,28.01,33.32,-7.56,33.26,54.03,-19.54,175.39,128.48,169.37,-149.85,-0.06,149.96
1744102136.024,27.80,33.02,-7.86,33.04,54.63,-19.32,175.37,127.65,171.04,-149.86,-0.06,149.96
1744102136.139,27.77,32.97,-7.91,33.00,54.74,-19.28,175.37,127.51,171.33,-149.87,-0.06,149.96
1744102136.240,27.36,32.37,-8.51,32.55,55.94,-18.84,175.27,125.81,174.67,-149.90,-0.04,149.97
1744102136.375,27.19,32.13,-8.76,32.37,56.43,-18.66,175.22,125.10,176.05,-149.92,-0.03,149.98
1744102136.510,26.81,31.58,-9.31,31.96,57.53,-18.26,175.06,123.49,179.08,-149.98,-0.01,149.99
1744102136.611,26.70,31.42,-9.48,31.84,57.86,-18.14,175.00,123.00,180.00,-150.00,-0.00,150.00
1744102136.715,26.70,31.42,-9.48,31.84,57.86,-18.14,175.00,123.00,180.00,-150.00,-0.00,150.00
1744102136.884,27.13,32.00,-9.05,32.19,56.81,-18.40,175.16,124.83,177.12,-149.95,-0.02,149.99
1744102137.043,27.32,32.24,-8.87,32.34,56.35,-18.52,175.21,125.61,175.87,-149.93,-0.03,149.98
1744102137.154,27.74,32.80,-8.47,32.67,55.35,-18.78,175.30,127.33,173.10,-149.91,-0.04,149.98
1744102137.254,27.97,33.10,-8.25,32.85,54.80,-18.91,175.33,128.25,171.58,-149.90,-0.04,149.98
1744102137.388,28.05,33.20,-8.17,32.91,54.62,-18.96,175.33,128.55,171.08,-149.90,-0.04,149.98
1744102137.491,28.54,33.85,-7.69,33.31,53.43,-19.26,175.34,130.51,167.78,-149.90,-0.04,149.98
1744102137.599,28.77,34.15,-7.47,33.49,52.88,-19.40,175.32,131.40,166.25,-149.90,-0.04,149.98
1744102137.713,29.03,34.50,-7.22,33.70,52.24,-19.56,175.28,132.42,164.47,-149.91,-0.04,149.98
1744102137.814,29.26,34.80,-7.00,33.88,51.69,-19.70,175.24,133.29,162.94,-149.93,-0.03,149.99
1744102137.919,29.38,34.95,-6.89,33.97,51.42,-19.77,175.21,133.72,162.17,-149.94,-0.03,149.99
1744102138.076,29.87,35.60,-6.41,34.36,50.23,-20.07,175.05,135.56,158.81,-149.98,-0.01,150.00
1744102138.176,29.99,35.75,-6.29,34.46,49.94,-20.15,175.00,136.00,158.00,-150.00,0.00,150.00
1744102138.283,29.99,35.75,-6.29,34.46,49.94,-20.15,175.00,136.00,157.99,-150.00,-0.00,150.00
1744102138.383,29.90,35.78,-5.83,34.71,49.58,-20.60,175.01,135.64,156.90,-150.00,-0.00,150.00
1744102138.539,29.83,35.80,-5.47,34.90,49.30,-20.95,175.01,135.36,156.05,-150.00,-0.00,150.00
1744102138.684,29.74,35.83,-5.02,35.14,48.96,-21.39,175.00,135.00,155.00,-150.00,-0.00,150.00
1744102138.880,29.63,35.66,-5.19,35.01,49.30,-21.26,175.06,134.59,155.98,-149.98,-0.01,150.00
1744102138.995,29.18,35.02,-5.84,34.53,50.60,-20.79,175.24,132.98,159.69,-149.91,-0.04,149.98
1744102139.110,29.05,34.82,-6.04,34.38,51.00,-20.64,175.28,132.48,160.81,-149.89,-0.04,149.98
1744102139.275,28.60,34.17,-6.69,33.90,52.30,-20.17,175.37,130.80,164.49,-149.86,-0.06,149.97
1744102139.397,28.39,33.88,-6.99,33.68,52.90,-19.95,175.39,130.01,166.18,-149.85,-0.06,149.96
1744102139.574,27.98,33.28,-7.60,33.23,54.10,-19.51,175.39,128.39,169.55,-149.86,-0.06,149.96
1744102139.744,27.78,32.99,-7.90,33.01,54.70,-19.29,175.37,127.56,171.23,-149.86,-0.06,149.96
1744102139.845,27.44,32.49,-8.40,32.64,55.70,-18.93,175.30,126.15,174.02,-149.89,-0.04,149.97
1744102139.945,27.23,32.19,-8.70,32.42,56.30,-18.71,175.23,125.29,175.69,-149.92,-0.04,149.98
1744102140.061,27.13,32.04,-8.85,32.31,56.60,-18.60,175.20,124.85,176.52,-149.93,-0.03,149.98
1744102140.198,26.73,31.46,-9.44,31.87,57.78,-18.17,175.02,123.13,179.76,-149.99,-0.00,150.00
1744102140.317,26.70,31.42,-9.48,31.84,57.86,-18.14,175.00,123.01,179.99,-150.00,-0.00,150.00
1744102140.487,27.05,31.88,-9.14,32.12,57.01,-18.35,175.13,124.48,177.68,-149.96,-0.02,149.99
1744102140.629,27.28,32.18,-8.92,32.30,56.46,-18.49,175.20,125.43,176.17,-149.94,-0.02,149.98
1744102140.802,27.77,32.84,-8.44,32.69,55.27,-18.79,175.31,127.45,172.90,-149.91,-0.04,149.98
1744102140.965,28.00,33.13,-8.22,32.87,54.73,-18.93,175.33,128.36,171.40,-149.90,-0.04,149.98
1744102141.099,28.46,33.73,-7.78,33.24,53.63,-19.21,175.34,130.17,168.36,-149.89,-0.04,149.98
1744102141.251,28.68,34.03,-7.56,33.42,53.09,-19.35,175.33,131.06,166.83,-149.90,-0.04,149.98
1744102141.406,29.18,34.68,-7.08,33.81,51.90,-19.65,175.26,132.96,163.51,-149.92,-0.03,149.98
1744102141.517,29.41,34.98,-6.86,33.99,51.35,-19.79,175.20,133.83,161.97,-149.94,-0.03,149.99
1744102141.663,29.67,35.34,-6.60,34.20,50.71,-19.95,175.12,134.83,160.16,-149.96,-0.02,149.99
1744102141.768,29.96,35.72,-6.32,34.44,50.01,-20.13,175.01,135.90,158.19,-150.00,-0.00,150.00
1744102141.874,29.99,35.75,-6.29,34.46,49.94,-20.15,175.00,136.00,158.00,-150.00,0.00,150.00
1744102142.048,29.88,35.79,-5.73,34.76,49.51,-20.69,175.01,135.57,156.68,-150.00,-0.00,150.00
1744102142.199,29.82,35.81,-5.43,34.92,49.27,-20.99,175.01,135.33,155.97,-150.00,-0.00,150.00
1744102142.319,29.74,35.83,-5.02,35.14,48.96,-21.39,175.00,135.00,155.00,-150.00,0.00,150.00
1744102142.420,29.64,35.68,-5.17,35.03,49.25,-21.28,175.05,134.64,155.85,-149.98,-0.01,150.00
1744102142.523,29.64,35.68,-5.17,35.03,49.25,-21.28,175.05,134.64,155.85,-149.98,-0.01,150.00
1744102142.637,29.20,35.04,-5.82,34.55,50.55,-20.81,175.23,133.04,159.55,-149.91,-0.04,149.98
1744102142.855,28.89,34.59,-6.27,34.22,51.45,-20.48,175.32,131.90,162.10,-149.88,-0.05,149.97
1744102142.959,28.51,34.05,-6.82,33.81,52.55,-20.08,175.39,130.47,165.20,-149.86,-0.06,149.96
1744102143.093,28.38,33.85,-7.02,33.66,52.95,-19.93,175.40,129.94,166.34,-149.85,-0.06,149.96
1744102143.193,28.04,33.36,-7.52,33.29,53.95,-19.57,175.40,128.59,169.13,-149.85,-0.06,149.96
1744102143.293,27.83,33.06,-7.82,33.07,54.55,-19.35,175.38,127.77,170.81,-149.86,-0.06,149.96
1744102143.419,27.80,33.01,-7.87,33.03,54.65,-19.31,175.37,127.62,171.09,-149.86,-0.06,149.96
1744102143.532,27.35,32.36,-8.52,32.55,55.95,-18.83,175.27,125.79,174.72,-149.90,-0.04,149.97
1744102143.738,27.14,32.07,-8.82,32.32,56.55,-18.62,175.20,124.92,176.38,-149.93,-0.03,149.98
1744102143.866,26.70,31.43,-9.47,31.84,57.85,-18.14,175.00,123.03,179.95,-150.00,-0.00,150.00
1744102144.010,26.70,31.42,-9.48,31.84,57.85,-18.14,175.00,123.02,179.97,-150.00,-0.00,150.00
1744102144.111,27.03,31.86,-9.15,32.11,57.06,-18.34,175.13,124.41,177.80,-149.96,-0.02,149.99
1744102144.211,27.26,32.16,-8.93,32.29,56.51,-18.48,175.20,125.35,176.29,-149.94,-0.02,149.99
1744102144.388,27.41,32.36,-8.79,32.41,56.14,-18.57,175.24,125.98,175.29,-149.93,-0.03,149.98
1744102144.492,27.91,33.01,-8.31,32.80,54.96,-18.87,175.32,127.98,172.02,-149.90,-0.04,149.98
1744102144.707,28.25,33.46,-7.98,33.07,54.13,-19.08,175.34,129.35,169.75,-149.89,-0.04,149.98
1744102144.812,28.63,33.96,-7.61,33.37,53.22,-19.31,175.33,130.85,167.20,-149.90,-0.04,149.98
1744102144.916,28.82,34.21,-7.43,33.52,52.76,-19.43,175.32,131.58,165.93,-149.90,-0.04,149.98
1744102145.100,29.27,34.81,-6.99,33.89,51.67,-19.71,175.23,133.33,162.86,-149.93,-0.03,149.99
1744102145.200,29.50,35.11,-6.77,34.07,51.12,-19.85,175.17,134.19,161.32,-149.95,-0.02,149.99
1744102145.310,29.50,35.11,-6.77,34.07,51.12,-19.85,175.17,134.19,161.32,-149.95,-0.02,149.99
1744102145.412,29.97,35.73,-6.31,34.44,49.98,-20.14,175.01,135.94,158.11,-150.00,-0.00,150.00
1744102145.566,29.99,35.75,-6.29,34.46,49.94,-20.15,175.00,136.00,158.00,-150.00,-0.00,150.00
1744102145.676,29.89,35.79,-5.75,34.75,49.52,-20.67,175.01,135.58,156.72,-150.00,-0.00,150.00
1744102145.776,29.82,35.81,-5.39,34.94,49.24,-21.03,175.01,135.30,155.88,-150.00,-0.00,150.00
1744102145.887,29.79,35.82,-5.27,35.01,49.15,-21.14,175.00,135.20,155.60,-150.00,-0.00,150.00
1744102145.998,29.73,35.81,-5.04,35.13,48.99,-21.38,175.01,134.96,155.10,-150.00,-0.00,150.00
1744102146.160,29.58,35.60,-5.26,34.97,49.43,-21.22,175.08,134.43,156.34,-149.97,-0.01,149.99
1744102146.300,29.14,34.96,-5.90,34.49,50.72,-20.74,175.25,132.83,160.03,-149.90,-0.04,149.98
1744102146.435,28.93,34.66,-6.20,34.26,51.32,-20.53,175.31,132.07,161.73,-149.88,-0.05,149.97
1744102146.601,28.52,34.06,-6.81,33.82,52.52,-20.09,175.38,130.51,165.12,-149.86,-0.06,149.97
1744102146.736,28.32,33.77,-7.11,33.60,53.12,-19.87,175.40,129.71,166.81,-149.85,-0.06,149.96
1744102146.912,27.87,33.12,-7.76,33.11,54.42,-19.39,175.38,127.94,170.46,-149.86,-0.06,149.96
1744102147.013,27.67,32.83,-8.06,32.89,55.02,-19.17,175.35,127.11,172.13,-149.87,-0.05,149.97
1744102147.147,27.53,32.63,-8.26,32.74,55.43,-19.03,175.32,126.54,173.25,-149.88,-0.05,149.97
1744102147.253,27.19,32.13,-8.76,32.37,56.42,-18.66,175.22,125.12,176.02,-149.92,-0.03,149.98
1744102147.364,27.02,31.88,-9.01,32.19,56.93,-18.48,175.15,124.38,177.41,-149.94,-0.02,149.98
1744102147.499,26.70,31.43,-9.47,31.85,57.84,-18.15,175.00,123.04,179.93,-150.00,-0.00,150.00
1744102147.599,26.71,31.43,-9.47,31.85,57.84,-18.14,175.00,123.05,179.93,-150.00,-0.00,150.00
1744102147.716,26.94,31.74,-9.24,32.03,57.27,-18.29,175.10,124.04,178.38,-149.97,-0.01,149.99
1744102147.822,27.17,32.04,-9.02,32.22,56.72,-18.43,175.17,124.98,176.88,-149.95,-0.02,149.99
1744102147.942,27.36,32.29,-8.84,32.37,56.27,-18.54,175.22,125.76,175.63,-149.93,-0.03,149.98
1744102148.078,27.78,32.85,-8.43,32.70,55.26,-18.80,175.31,127.47,172.86,-149.91,-0.04,149.98
1744102148.208,27.97,33.09,-8.25,32.85,54.80,-18.91,175.33,128.24,171.60,-149.90,-0.04,149.98
1744102148.310,28.08,33.24,-8.14,32.94,54.53,-18.98,175.34,128.69,170.84,-149.90,-0.04,149.98
1744102148.412,28.54,33.84,-7.70,33.30,53.43,-19.26,175.34,130.50,167.80,-149.90,-0.04,149.98
1744102148.530,28.69,34.05,-7.55,33.42,53.06,-19.35,175.33,131.09,166.77,-149.90,-0.04,149.98
1744102148.711,29.22,34.74,-7.03,33.85,51.79,-19.68,175.25,133.14,163.20,-149.92,-0.03,149.98
1744102148.852,29.41,34.99,-6.85,34.00,51.33,-19.79,175.20,133.85,161.92,-149.94,-0.02,149.99
1744102149.017,29.91,35.64,-6.37,34.39,50.14,-20.09,175.03,135.69,158.57,-149.99,-0.00,150.00
1744102149.118,29.99,35.75,-6.29,34.46,49.94,-20.15,175.00,136.00,158.00,-150.00,0.00,150.00
1744102149.237,29.99,35.75,-6.29,34.46,49.94,-20.15,175.00,136.00,157.99,-150.00,-0.00,150.00
1744102149.337,29.88,35.79,-5.71,34.77,49.49,-20.71,175.01,135.55,156.63,-150.00,-0.00,150.00
1744102149.521,29.82,35.81,-5.41,34.93,49.26,-21.01,175.01,135.31,155.92,-150.00,-0.00,150.00
1744102149.628,29.74,35.82,-5.03,35.13,48.98,-21.38,175.00,134.97,155.07,-150.00,-0.00,150.00
1744102149.733,29.56,35.57,-5.29,34.94,49.49,-21.19,175.09,134.35,156.53,-149.97,-0.01,149.99
1744102149.926,29.15,34.97,-5.89,34.50,50.69,-20.76,175.25,132.87,159.94,-149.91,-0.04,149.98
1744102150.106,28.98,34.72,-6.14,34.31,51.20,-20.57,175.30,132.23,161.37,-149.89,-0.05,149.97
1744102150.212,28.57,34.13,-6.74,33.87,52.40,-20.13,175.38,130.68,164.76,-149.86,-0.06,149.97
1744102150.326,28.43,33.93,-6.94,33.72,52.79,-19.99,175.39,130.15,165.88,-149.85,-0.06,149.96
1744102150.457,28.05,33.38,-7.49,33.31,53.90,-19.59,175.40,128.67,168.98,-149.85,-0.06,149.96
1744102150.557,27.85,33.09,-7.79,33.09,54.50,-19.37,175.38,127.84,170.66,-149.86,-0.06,149.96
1744102150.709,27.71,32.89,-7.99,32.94,54.89,-19.22,175.36,127.29,171.76,-149.87,-0.05,149.96
1744102150.818,27.34,32.34,-8.54,32.53,56.00,-18.82,175.27,125.73,174.84,-149.90,-0.04,149.97
1744102150.949,27.20,32.15,-8.74,32.38,56.39,-18.67,175.22,125.16,175.93,-149.92,-0.03,149.98
1744102151.064,26.82,31.60,-9.29,31.97,57.50,-18.27,175.06,123.55,178.98,-149.98,-0.01,149.99
1744102151.165,26.70,31.42,-9.48,31.84,57.86,-18.14,175.00,123.00,180.00,-150.00,-0.00,150.00
1744102151.311,26.70,31.42,-9.48,31.84,57.86,-18.14,175.00,123.00,179.99,-150.00,-0.00,150.00
1744102151.427,27.08,31.92,-9.11,32.14,56.94,-18.37,175.14,124.61,177.48,-149.96,-0.02,149.99
1744102151.528,27.34,32.27,-8.85,32.35,56.30,-18.53,175.22,125.70,175.74,-149.93,-0.03,149.98
1744102151.633,27.42,32.37,-8.78,32.42,56.12,-18.58,175.24,126.02,175.23,-149.93,-0.03,149.98
