timestamp,joint_angles,cartesian_pose
1744100622.768,26.80,31.50,-9.40,33.25,56.50,-18.75,176.09,124.81,180.40,-148.64,0.92,150.12
1744100622.895,26.70,31.42,-9.48,31.84,57.86,-18.14,175.00,123.00,180.00,-150.00,0.00,150.00
1744100622.995,26.81,31.57,-9.37,31.93,57.58,-18.21,175.05,123.49,179.23,-149.99,-0.01,150.00
1744100623.110,26.93,31.72,-9.26,32.02,57.31,-18.28,175.09,123.97,178.48,-149.97,-0.01,149.99
1744100623.235,27.34,32.27,-8.85,32.35,56.30,-18.53,175.22,125.70,175.74,-149.93,-0.03,149.98
1744100623.340,27.50,32.47,-8.70,32.48,55.94,-18.63,175.26,126.32,174.73,-149.92,-0.03,149.98
1744100623.509,27.99,33.12,-8.23,32.87,54.75,-18.93,175.33,128.33,171.45,-149.90,-0.04,149.98
1744100623.609,28.22,33.42,-8.01,33.05,54.20,-19.07,175.34,129.24,169.93,-149.89,-0.04,149.98
1744100623.725,28.41,33.67,-7.82,33.20,53.74,-19.18,175.34,129.99,168.67,-149.89,-0.04,149.98
1744100623.854,28.75,34.12,-7.49,33.47,52.92,-19.39,175.32,131.33,166.37,-149.90,-0.04,149.98
1744100623.992,28.94,34.37,-7.31,33.62,52.47,-19.51,175.30,132.06,165.10,-149.91,-0.04,149.98
1744100624.144,29.44,35.02,-6.83,34.02,51.28,-19.81,175.19,133.94,161.77,-149.94,-0.02,149.99
1744100624.244,29.66,35.32,-6.61,34.20,50.73,-19.95,175.12,134.79,160.22,-149.96,-0.02,149.99
1744100624.387,29.96,35.71,-6.33,34.43,50.02,-20.13,175.01,135.88,158.23,-150.00,-0.00,150.00
1744100624.488,29.99,35.75,-6.29,34.46,49.94,-20.15,175.00,136.00,157.99,-150.00,-0.00,150.00
1744100624.598,29.96,35.76,-6.15,34.53,49.83,-20.28,175.00,135.89,157.67,-150.00,-0.00,150.00
1744100624.749,29.83,35.81,-5.44,34.92,49.28,-20.98,175.01,135.33,155.98,-150.00,-0.00,150.00
1744100624.922,29.77,35.82,-5.14,35.08,49.05,-21.27,175.00,135.10,155.28,-150.00,-0.00,150.00
1744100625.029,29.73,35.82,-5.04,35.13,48.99,-21.38,175.01,134.96,155.09,-150.00,-0.00,150.00
1744100625.129,29.55,35.55,-5.30,34.93,49.52,-21.18,175.09,134.32,156.60,-149.96,-0.01,149.99
1744100625.257,29.52,35.50,-5.35,34.90,49.62,-21.15,175.11,134.20,156.89,-149.96,-0.02,149.99
1744100625.362,29.07,34.86,-6.00,34.42,50.91,-20.67,175.27,132.59,160.57,-149.90,-0.04,149.98
1744100625.477,28.94,34.66,-6.20,34.27,51.32,-20.53,175.31,132.08,161.71,-149.88,-0.05,149.97
1744100625.616,28.56,34.12,-6.75,33.86,52.41,-20.13,175.38,130.65,164.81,-149.86,-0.06,149.97
1744100625.716,28.36,33.82,-7.05,33.64,53.01,-19.91,175.40,129.86,166.50,-149.85,-0.06,149.96
1744100625.839,28.29,33.72,-7.15,33.56,53.22,-19.83,175.40,129.58,167.08,-149.85,-0.06,149.96
1744100625.946,27.88,33.13,-7.75,33.12,54.42,-19.39,175.38,127.95,170.44,-149.86,-0.06,149.96
1744100626.100,27.74,32.93,-7.95,32.97,54.81,-19.25,175.36,127.40,171.55,-149.87,-0.05,149.96
1744100626.225,27.29,32.28,-8.60,32.49,56.12,-18.77,175.25,125.56,175.17,-149.91,-0.04,149.97
1744100626.361,27.12,32.04,-8.85,32.30,56.61,-18.59,175.19,124.84,176.55,-149.93,-0.03,149.98
1744100626.546,26.70,31.42,-9.48,31.84,57.86,-18.14,175.00,123.01,179.98,-150.00,-0.00,150.00
1744100626.749,26.79,31.54,-9.39,31.91,57.64,-18.19,175.04,123.39,179.39,-149.99,-0.00,150.00
1744100626.859,27.21,32.09,-8.99,32.24,56.64,-18.45,175.18,125.12,176.66,-149.94,-0.02,149.99
1744100626.984,27.36,32.29,-8.84,32.36,56.27,-18.54,175.22,125.75,175.65,-149.93,-0.03,149.98
1744100627.104,27.74,32.79,-8.47,32.67,55.36,-18.77,175.30,127.31,173.13,-149.91,-0.04,149.98
1744100627.204,27.97,33.09,-8.25,32.85,54.81,-18.91,175.33,128.23,171.61,-149.90,-0.04,149.98
1744100627.320,28.16,33.34,-8.07,33.00,54.35,-19.03,175.34,128.98,170.35,-149.90,-0.04,149.98
1744100627.449,28.54,33.84,-7.70,33.30,53.44,-19.26,175.34,130.49,167.81,-149.90,-0.04,149.98
1744100627.619,28.73,34.09,-7.52,33.45,52.98,-19.37,175.33,131.23,166.54,-149.90,-0.04,149.98
1744100627.746,29.22,34.74,-7.04,33.85,51.79,-19.68,175.25,133.13,163.21,-149.92,-0.03,149.98
1744100627.907,29.41,34.99,-6.85,34.00,51.34,-19.79,175.20,133.85,161.93,-149.94,-0.02,149.99
1744100628.010,29.83,35.54,-6.45,34.33,50.33,-20.05,175.06,135.40,159.11,-149.98,-0.01,150.00
1744100628.111,29.99,35.75,-6.29,34.46,49.95,-20.14,175.00,135.99,158.01,-150.00,-0.00,150.00
1744100628.233,29.99,35.75,-6.29,34.46,49.95,-20.14,175.00,135.99,158.01,-150.00,-0.00,150.00
1744100628.342,29.98,35.76,-6.24,34.49,49.90,-20.20,175.00,135.96,157.88,-150.00,-0.00,150.00
1744100628.591,29.93,35.77,-5.96,34.64,49.68,-20.47,175.00,135.74,157.21,-150.00,-0.00,150.00
1744100628.705,29.75,35.83,-5.04,35.13,48.97,-21.37,175.00,135.02,155.05,-150.00,-0.00,150.00
1744100628.813,29.74,35.83,-5.02,35.14,48.96,-21.39,175.00,135.00,155.00,-150.00,-0.00,150.00
1744100628.985,29.39,35.32,-5.54,34.76,49.98,-21.01,175.16,133.75,157.93,-149.94,-0.02,149.99
1744100629.085,29.19,35.02,-5.84,34.54,50.58,-20.79,175.24,133.01,159.64,-149.91,-0.04,149.98
1744100629.204,29.15,34.97,-5.89,34.50,50.69,-20.76,175.25,132.88,159.93,-149.91,-0.04,149.98
1744100629.320,28.71,34.33,-6.54,34.02,51.98,-20.28,175.36,131.22,163.60,-149.87,-0.05,149.97
1744100629.470,28.50,34.03,-6.84,33.80,52.58,-20.07,175.39,130.43,165.29,-149.86,-0.06,149.96
1744100629.591,28.13,33.49,-7.39,33.39,53.69,-19.66,175.40,128.95,168.39,-149.85,-0.06,149.96
1744100629.692,27.92,33.19,-7.69,33.17,54.29,-19.44,175.39,128.13,170.07,-149.86,-0.06,149.96
1744100629.796,27.92,33.19,-7.69,33.17,54.29,-19.44,175.39,128.13,170.07,-149.86,-0.06,149.96
1744100629.903,27.51,32.60,-8.29,32.72,55.49,-19.00,175.32,126.45,173.42,-149.88,-0.05,149.97
1744100630.011,27.37,32.40,-8.49,32.57,55.88,-18.86,175.28,125.89,174.52,-149.90,-0.04,149.97
1744100630.233,26.83,31.61,-9.29,31.98,57.48,-18.28,175.07,123.56,178.95,-149.98,-0.01,149.99
1744100630.339,26.70,31.42,-9.48,31.84,57.86,-18.14,175.00,123.00,180.00,-150.00,-0.00,150.00
1744100630.439,26.70,31.42,-9.48,31.84,57.86,-18.14,175.00,123.00,180.00,-150.00,0.00,150.00
1744100630.541,26.86,31.63,-9.32,31.97,57.48,-18.23,175.06,123.67,178.95,-149.98,-0.01,150.00
1744100630.695,27.01,31.83,-9.18,32.09,57.12,-18.33,175.12,124.30,177.96,-149.96,-0.01,149.99
1744100630.796,27.43,32.38,-8.77,32.42,56.11,-18.58,175.24,126.04,175.20,-149.93,-0.03,149.98
1744100630.955,27.58,32.58,-8.63,32.54,55.75,-18.67,175.27,126.65,174.20,-149.92,-0.03,149.98
1744100631.060,28.03,33.18,-8.19,32.90,54.65,-18.95,175.33,128.49,171.17,-149.90,-0.04,149.98
1744100631.166,28.26,33.48,-7.97,33.08,54.10,-19.09,175.34,129.40,169.66,-149.89,-0.04,149.98
1744100631.325,28.60,33.93,-7.63,33.35,53.28,-19.30,175.34,130.75,167.37,-149.90,-0.04,149.98
1744100631.426,28.87,34.28,-7.38,33.57,52.64,-19.46,175.31,131.78,165.58,-149.90,-0.04,149.98
1744100631.557,28.91,34.33,-7.34,33.60,52.54,-19.49,175.30,131.93,165.32,-149.91,-0.04,149.98
1744100631.658,29.40,34.98,-6.86,33.99,51.36,-19.79,175.20,133.81,162.00,-149.94,-0.03,149.99
1744100631.758,29.63,35.28,-6.64,34.17,50.81,-19.93,175.13,134.67,160.45,-149.96,-0.02,149.99
1744100631.887,29.78,35.48,-6.49,34.29,50.44,-20.02,175.08,135.23,159.42,-149.97,-0.01,150.00
1744100631.993,29.99,35.75,-6.29,34.46,49.94,-20.15,175.00,136.00,158.00,-150.00,-0.00,150.00
1744100632.136,29.96,35.76,-6.15,34.54,49.83,-20.29,175.00,135.89,157.66,-150.00,-0.00,150.00
1744100632.275,29.82,35.81,-5.43,34.92,49.27,-20.99,175.01,135.33,155.96,-150.00,-0.00,150.00
1744100632.376,29.76,35.83,-5.08,35.11,49.00,-21.33,175.00,135.05,155.14,-150.00,-0.00,150.00
1744100632.521,29.75,35.83,-5.05,35.13,48.98,-21.36,175.00,135.02,155.06,-150.00,-0.00,150.00
1744100632.621,29.73,35.80,-5.05,35.12,49.01,-21.37,175.01,134.93,155.16,-150.00,-0.00,150.00
1744100632.791,29.57,35.58,-5.27,34.95,49.46,-21.20,175.09,134.39,156.45,-149.97,-0.01,149.99
1744100632.901,29.16,34.99,-5.87,34.51,50.66,-20.77,175.25,132.91,159.86,-149.91,-0.04,149.98
1744100633.077,28.96,34.69,-6.17,34.29,51.26,-20.55,175.31,132.15,161.56,-149.88,-0.05,149.97
1744100633.209,28.51,34.04,-6.83,33.80,52.56,-20.07,175.39,130.46,165.24,-149.86,-0.06,149.96
1744100633.396,28.34,33.80,-7.08,33.62,53.06,-19.89,175.40,129.79,166.64,-149.85,-0.06,149.96
1744100633.496,27.93,33.20,-7.68,33.17,54.26,-19.45,175.39,128.16,170.00,-149.86,-0.06,149.96
1744100633.601,27.72,32.91,-7.98,32.95,54.86,-19.23,175.36,127.33,171.68,-149.87,-0.05,149.96
1744100633.709,27.59,32.71,-8.18,32.80,55.26,-19.09,175.33,126.77,172.80,-149.88,-0.05,149.97
1744100633.816,27.28,32.26,-8.63,32.47,56.16,-18.76,175.25,125.49,175.30,-149.91,-0.04,149.97
1744100633.920,27.18,32.11,-8.78,32.36,56.46,-18.65,175.21,125.05,176.13,-149.92,-0.03,149.98
1744100634.076,26.73,31.47,-9.42,31.88,57.75,-18.18,175.02,123.17,179.69,-149.99,-0.00,150.00
1744100634.218,26.70,31.42,-9.48,31.84,57.86,-18.14,175.00,123.00,180.00,-150.00,-0.00,150.00
1744100634.328,26.96,31.76,-9.23,32.05,57.24,-18.30,175.10,124.09,178.29,-149.97,-0.01,149.99
1744100634.429,27.19,32.06,-9.01,32.23,56.69,-18.43,175.18,125.04,176.79,-149.95,-0.02,149.99
1744100634.564,27.30,32.21,-8.90,32.32,56.41,-18.50,175.21,125.51,176.04,-149.94,-0.03,149.98
1744100634.673,27.72,32.76,-8.49,32.65,55.41,-18.76,175.30,127.22,173.28,-149.91,-0.04,149.98
1744100634.873,27.94,33.06,-8.27,32.83,54.86,-18.90,175.33,128.14,171.77,-149.90,-0.04,149.98
1744100634.992,28.48,33.76,-7.76,33.25,53.59,-19.22,175.34,130.25,168.22,-149.89,-0.04,149.98
1744100635.095,28.67,34.01,-7.57,33.40,53.13,-19.34,175.33,131.00,166.94,-149.90,-0.04,149.98
1744100635.201,28.90,34.31,-7.35,33.59,52.58,-19.48,175.31,131.88,165.41,-149.91,-0.04,149.98
1744100635.303,29.16,34.66,-7.10,33.80,51.94,-19.64,175.26,132.90,163.63,-149.92,-0.03,149.98
1744100635.463,29.35,34.91,-6.91,33.95,51.48,-19.76,175.21,133.62,162.34,-149.93,-0.03,149.99
1744100635.594,29.84,35.56,-6.44,34.34,50.30,-20.06,175.06,135.46,159.00,-149.98,-0.01,150.00
1744100635.799,29.99,35.75,-6.29,34.46,49.94,-20.15,175.00,136.00,158.00,-150.00,0.00,150.00
1744100635.926,29.98,35.76,-6.24,34.49,49.90,-20.20,175.00,135.96,157.88,-150.00,-0.00,150.00
1744100636.123,29.93,35.77,-5.96,34.64,49.68,-20.47,175.00,135.74,157.21,-150.00,-0.00,150.00
1744100636.224,29.78,35.82,-5.18,35.06,49.08,-21.24,175.00,135.13,155.37,-150.00,-0.00,150.00
1744100636.426,29.74,35.83,-5.02,35.14,48.96,-21.39,175.00,135.00,155.00,-150.00,-0.00,150.00
1744100636.541,29.67,35.72,-5.13,35.06,49.18,-21.31,175.04,134.74,155.63,-149.99,-0.01,150.00
1744100636.642,29.46,35.43,-5.43,34.84,49.77,-21.09,175.13,134.01,157.33,-149.95,-0.02,149.99
1744100636.746,29.46,35.43,-5.43,34.84,49.77,-21.09,175.13,134.01,157.33,-149.95,-0.02,149.99
1744100636.855,29.05,34.83,-6.03,34.39,50.97,-20.65,175.28,132.51,160.74,-149.89,-0.04,149.98
1744100636.955,28.85,34.53,-6.33,34.17,51.57,-20.43,175.33,131.75,162.44,-149.88,-0.05,149.97
1744100637.064,28.71,34.34,-6.53,34.02,51.98,-20.29,175.36,131.23,163.58,-149.87,-0.05,149.97
1744100637.170,28.40,33.89,-6.98,33.69,52.88,-19.96,175.39,130.04,166.12,-149.85,-0.06,149.96
1744100637.341,28.23,33.64,-7.23,33.50,53.37,-19.78,175.40,129.37,167.52,-149.85,-0.06,149.96
1744100637.445,27.82,33.05,-7.83,33.06,54.57,-19.34,175.37,127.73,170.88,-149.86,-0.06,149.96
1744100637.586,27.68,32.85,-8.03,32.91,54.98,-19.19,175.35,127.17,172.00,-149.87,-0.05,149.97
1744100637.707,27.31,32.31,-8.58,32.50,56.07,-18.79,175.26,125.62,175.05,-149.91,-0.04,149.97
1744100637.810,27.07,31.96,-8.93,32.24,56.78,-18.53,175.17,124.60,177.00,-149.94,-0.03,149.98
1744100637.916,27.03,31.91,-8.99,32.20,56.88,-18.50,175.16,124.45,177.28,-149.94,-0.02,149.98
1744100638.016,26.70,31.42,-9.47,31.84,57.85,-18.14,175.00,123.02,179.97,-150.00,-0.00,150.00
1744100638.133,26.71,31.44,-9.46,31.85,57.83,-18.15,175.01,123.07,179.89,-150.00,-0.00,150.00
1744100638.327,27.19,32.06,-9.01,32.23,56.69,-18.43,175.18,125.04,176.79,-149.95,-0.02,149.99
1744100638.516,27.41,32.36,-8.79,32.41,56.14,-18.57,175.24,125.98,175.29,-149.93,-0.03,149.98
1744100638.616,27.83,32.91,-8.38,32.74,55.14,-18.83,175.31,127.68,172.52,-149.90,-0.04,149.98
1744100638.766,27.98,33.11,-8.23,32.86,54.77,-18.92,175.33,128.29,171.51,-149.90,-0.04,149.98
1744100638.880,28.44,33.71,-7.79,33.22,53.67,-19.20,175.34,130.10,168.47,-149.89,-0.04,149.98
1744100638.981,28.67,34.01,-7.57,33.40,53.13,-19.34,175.33,131.00,166.94,-149.90,-0.04,149.98
1744100639.100,28.70,34.06,-7.54,33.43,53.04,-19.36,175.33,131.14,166.70,-149.90,-0.04,149.98
1744100639.215,29.20,34.71,-7.06,33.83,51.85,-19.66,175.25,133.04,163.37,-149.92,-0.03,149.98
1744100639.318,29.43,35.01,-6.84,34.01,51.30,-19.80,175.19,133.91,161.83,-149.94,-0.02,149.99
1744100639.436,29.69,35.36,-6.58,34.22,50.66,-19.96,175.11,134.90,160.02,-149.96,-0.01,149.99
1744100639.536,29.92,35.66,-6.36,34.40,50.11,-20.10,175.03,135.74,158.48,-149.99,-0.00,150.00
1744100639.691,29.99,35.75,-6.29,34.46,49.94,-20.15,175.00,136.00,158.00,-150.00,-0.00,150.00
1744100639.810,29.98,35.76,-6.21,34.50,49.88,-20.23,175.00,135.94,157.80,-150.00,-0.00,150.00
1744100640.002,29.89,35.78,-5.79,34.72,49.56,-20.63,175.01,135.62,156.83,-150.00,-0.00,150.00
1744100640.121,29.77,35.82,-5.14,35.08,49.05,-21.27,175.00,135.10,155.28,-150.00,-0.00,150.00
1744100640.275,29.74,35.83,-5.02,35.14,48.96,-21.39,175.00,135.00,155.00,-150.00,0.00,150.00
1744100640.403,29.66,35.70,-5.15,35.05,49.22,-21.29,175.05,134.69,155.74,-149.98,-0.01,150.00
1744100640.544,29.49,35.46,-5.40,34.86,49.71,-21.11,175.12,134.08,157.16,-149.95,-0.02,149.99
1744100640.669,29.11,34.91,-5.95,34.45,50.82,-20.71,175.26,132.71,160.30,-149.90,-0.04,149.98
1744100640.770,28.90,34.61,-6.25,34.23,51.42,-20.49,175.32,131.95,162.00,-149.88,-0.05,149.97
1744100640.871,28.83,34.51,-6.35,34.16,51.62,-20.42,175.33,131.69,162.56,-149.87,-0.05,149.97
1744100640.978,28.46,33.97,-6.90,33.75,52.71,-20.02,175.39,130.26,165.66,-149.85,-0.06,149.96
1744100641.123,28.32,33.77,-7.10,33.60,53.12,-19.87,175.40,129.72,166.79,-149.85,-0.06,149.96
1744100641.301,27.81,33.03,-7.85,33.04,54.62,-19.32,175.37,127.67,170.99,-149.86,-0.06,149.96
1744100641.409,27.67,32.83,-8.05,32.89,55.02,-19.18,175.35,127.11,172.12,-149.87,-0.05,149.97
1744100641.599,27.19,32.14,-8.75,32.38,56.42,-18.67,175.22,125.12,176.00,-149.92,-0.03,149.98
1744100641.742,27.05,31.94,-8.96,32.23,56.82,-18.52,175.17,124.54,177.11,-149.94,-0.03,149.98
1744100641.878,26.70,31.42,-9.48,31.84,57.86,-18.14,175.00,123.00,180.00,-150.00,-0.00,150.00
1744100642.072,26.75,31.49,-9.42,31.88,57.72,-18.17,175.02,123.25,179.62,-149.99,-0.00,150.00
1744100642.183,27.21,32.09,-8.98,32.24,56.63,-18.45,175.18,125.13,176.64,-149.94,-0.02,149.99
1744100642.291,27.36,32.29,-8.84,32.37,56.27,-18.54,175.22,125.76,175.63,-149.93,-0.03,149.98
1744100642.462,27.86,32.94,-8.36,32.76,55.08,-18.84,175.32,127.78,172.36,-149.90,-0.04,149.98
1744100642.620,28.04,33.19,-8.18,32.91,54.62,-18.96,175.33,128.54,171.10,-149.90,-0.04,149.98
1744100642.720,28.43,33.69,-7.81,33.21,53.71,-19.19,175.34,130.05,168.56,-149.89,-0.04,149.98
1744100642.860,28.65,33.99,-7.59,33.39,53.16,-19.33,175.33,130.94,167.03,-149.90,-0.04,149.98
1744100642.977,29.03,34.49,-7.22,33.69,52.25,-19.56,175.28,132.41,164.49,-149.91,-0.04,149.98
1744100643.077,29.26,34.79,-7.00,33.88,51.70,-19.70,175.24,133.28,162.95,-149.93,-0.03,149.99
1744100643.212,29.37,34.94,-6.89,33.97,51.43,-19.77,175.21,133.71,162.18,-149.93,-0.03,149.99
1744100643.357,29.87,35.59,-6.41,34.36,50.24,-20.07,175.05,135.55,158.83,-149.98,-0.01,150.00
1744100643.459,29.99,35.75,-6.29,34.46,49.94,-20.15,175.00,136.00,158.00,-150.00,0.00,150.00
1744100643.578,29.99,35.75,-6.29,34.46,49.94,-20.15,175.00,136.00,158.00,-150.00,0.00,150.00
1744100643.685,29.96,35.76,-6.13,34.55,49.81,-20.31,175.00,135.87,157.61,-150.00,-0.00,150.00
1744100643.816,29.91,35.78,-5.88,34.68,49.63,-20.54,175.01,135.69,157.04,-150.00,-0.00,150.00
1744100643.986,29.75,35.83,-5.07,35.12,48.99,-21.34,175.00,135.04,155.11,-150.00,-0.00,150.00
1744100644.152,29.74,35.83,-5.02,35.14,48.96,-21.39,175.00,134.99,155.02,-150.00,-0.00,150.00
1744100644.287,29.39,35.31,-5.54,34.75,50.00,-21.01,175.16,133.73,157.98,-149.94,-0.02,149.99
1744100644.464,29.18,35.02,-5.84,34.53,50.60,-20.79,175.24,132.98,159.69,-149.91,-0.04,149.98
1744100644.564,28.80,34.47,-6.40,34.12,51.71,-20.38,175.34,131.58,162.82,-149.87,-0.05,149.97
1744100644.664,28.60,34.17,-6.70,33.90,52.31,-20.17,175.38,130.80,164.51,-149.86,-0.06,149.97
1744100644.823,28.46,33.98,-6.90,33.75,52.70,-20.02,175.39,130.27,165.63,-149.85,-0.06,149.96
1744100644.928,28.05,33.38,-7.50,33.31,53.90,-19.58,175.40,128.66,169.00,-149.85,-0.06,149.96
1744100645.089,27.91,33.18,-7.70,33.16,54.30,-19.44,175.39,128.11,170.12,-149.86,-0.06,149.96
1744100645.212,27.47,32.54,-8.35,32.68,55.61,-18.96,175.30,126.28,173.75,-149.89,-0.05,149.97
1744100645.377,27.26,32.24,-8.65,32.45,56.21,-18.74,175.24,125.43,175.42,-149.91,-0.04,149.98
1744100645.478,26.92,31.75,-9.15,32.08,57.20,-18.38,175.11,123.98,178.17,-149.96,-0.02,149.99
1744100645.578,26.73,31.46,-9.44,31.87,57.78,-18.17,175.02,123.13,179.76,-149.99,-0.00,150.00
1744100645.692,26.73,31.46,-9.44,31.87,57.78,-18.17,175.02,123.13,179.76,-149.99,-0.00,150.00
1744100645.817,26.73,31.47,-9.44,31.87,57.77,-18.16,175.02,123.16,179.75,-150.00,-0.00,150.00
1744100645.925,26.95,31.76,-9.23,32.04,57.24,-18.29,175.10,124.08,178.30,-149.97,-0.01,149.99
1744100646.105,27.37,32.31,-8.83,32.38,56.24,-18.55,175.23,125.81,175.56,-149.93,-0.03,149.98
1744100646.251,27.60,32.61,-8.61,32.56,55.69,-18.69,175.28,126.74,174.05,-149.92,-0.03,149.98
1744100646.434,28.13,33.31,-8.09,32.98,54.41,-19.01,175.34,128.88,170.52,-149.90,-0.04,149.98
1744100646.546,28.32,33.56,-7.91,33.13,53.95,-19.13,175.35,129.64,169.24,-149.89,-0.04,149.98
1744100646.737,28.82,34.21,-7.43,33.52,52.77,-19.43,175.32,131.57,165.95,-149.90,-0.04,149.98
1744100646.838,29.04,34.51,-7.21,33.70,52.22,-19.57,175.28,132.45,164.41,-149.91,-0.04,149.98
1744100646.944,29.12,34.61,-7.13,33.77,52.03,-19.61,175.27,132.75,163.89,-149.92,-0.03,149.98
1744100647.053,29.54,35.16,-6.73,34.10,51.03,-19.87,175.16,134.33,161.07,-149.95,-0.02,149.99
1744100647.211,29.77,35.46,-6.51,34.28,50.48,-20.01,175.09,135.17,159.53,-149.97,-0.01,149.99
1744100647.317,29.99,35.75,-6.29,34.46,49.94,-20.15,175.00,136.00,158.00,-150.00,0.00,150.00
1744100647.417,29.96,35.77,-6.11,34.55,49.80,-20.32,175.00,135.86,157.57,-150.00,-0.00,150.00
1744100647.522,29.93,35.77,-5.99,34.62,49.71,-20.44,175.00,135.77,157.29,-150.00,-0.00,150.00
1744100647.653,29.79,35.82,-5.27,35.01,49.15,-21.14,175.00,135.20,155.60,-150.00,-0.00,150.00
1744100647.845,29.75,35.83,-5.03,35.14,48.97,-21.38,175.00,135.01,155.03,-150.00,-0.00,150.00
1744100647.968,29.74,35.82,-5.03,35.13,48.98,-21.38,175.01,134.97,155.08,-150.00,-0.00,150.00
1744100648.111,29.56,35.56,-5.29,34.94,49.50,-21.19,175.09,134.34,156.57,-149.97,-0.01,149.99
1744100648.251,29.18,35.02,-5.84,34.53,50.60,-20.79,175.24,132.98,159.69,-149.91,-0.04,149.98
1744100648.352,28.98,34.72,-6.14,34.31,51.20,-20.57,175.30,132.22,161.39,-149.89,-0.05,149.97
1744100648.454,28.84,34.52,-6.35,34.16,51.60,-20.42,175.33,131.71,162.53,-149.87,-0.05,149.97
1744100648.554,28.57,34.12,-6.75,33.86,52.40,-20.13,175.38,130.67,164.78,-149.86,-0.06,149.97
1744100648.695,28.36,33.83,-7.05,33.64,53.00,-19.91,175.40,129.87,166.47,-149.85,-0.06,149.96
1744100648.862,27.92,33.18,-7.69,33.16,54.30,-19.44,175.39,128.11,170.11,-149.86,-0.06,149.96
1744100648.982,27.78,32.99,-7.90,33.01,54.70,-19.29,175.37,127.56,171.23,-149.86,-0.06,149.96
1744100649.083,27.47,32.54,-8.35,32.68,55.60,-18.96,175.31,126.29,173.74,-149.89,-0.05,149.97
1744100649.183,27.27,32.24,-8.65,32.46,56.20,-18.74,175.25,125.44,175.40,-149.91,-0.04,149.98
1744100649.368,27.13,32.04,-8.85,32.31,56.60,-18.60,175.20,124.85,176.52,-149.93,-0.03,149.98
1744100649.483,26.70,31.42,-9.48,31.84,57.86,-18.14,175.00,123.01,179.98,-150.00,-0.00,150.00
1744100649.656,26.72,31.45,-9.45,31.86,57.80,-18.15,175.01,123.11,179.83,-150.00,-0.00,150.00
1744100649.756,27.09,31.94,-9.10,32.15,56.92,-18.38,175.15,124.64,177.42,-149.96,-0.02,149.99
1744100649.856,27.32,32.24,-8.88,32.33,56.37,-18.52,175.21,125.59,175.92,-149.94,-0.03,149.98
1744100649.992,27.35,32.28,-8.84,32.36,56.28,-18.54,175.22,125.74,175.68,-149.93,-0.03,149.98
1744100650.097,27.89,32.99,-8.33,32.79,55.00,-18.86,175.32,127.91,172.15,-149.90,-0.04,149.98
1744100650.230,28.08,33.24,-8.14,32.94,54.55,-18.98,175.34,128.67,170.89,-149.90,-0.04,149.98
1744100650.418,28.61,33.93,-7.63,33.36,53.27,-19.30,175.34,130.77,167.34,-149.90,-0.04,149.98
1744100650.533,28.84,34.23,-7.41,33.54,52.72,-19.44,175.31,131.65,165.81,-149.90,-0.04,149.98
1744100650.714,29.29,34.83,-6.97,33.90,51.62,-19.72,175.23,133.40,162.74,-149.93,-0.03,149.99
1744100650.845,29.48,35.09,-6.78,34.05,51.16,-19.84,175.18,134.12,161.44,-149.94,-0.02,149.99
1744100650.971,29.86,35.58,-6.42,34.35,50.25,-20.07,175.05,135.53,158.88,-149.98,-0.01,150.00
1744100651.071,29.99,35.75,-6.29,34.46,49.94,-20.15,175.00,136.00,158.00,-150.00,-0.00,150.00
1744100651.176,29.99,35.75,-6.29,34.46,49.94,-20.15,175.00,136.00,158.00,-150.00,0.00,150.00
1744100651.287,29.89,35.79,-5.78,34.73,49.55,-20.65,175.01,135.60,156.79,-150.00,-0.00,150.00
1744100651.417,29.83,35.80,-5.48,34.89,49.31,-20.94,175.01,135.37,156.09,-150.00,-0.00,150.00
1744100651.523,29.76,35.83,-5.08,35.11,49.00,-21.34,175.00,135.04,155.13,-150.00,-0.00,150.00
1744100651.647,29.68,35.74,-5.11,35.07,49.14,-21.32,175.03,134.78,155.53,-149.99,-0.00,150.00
1744100651.772,29.58,35.59,-5.26,34.96,49.44,-21.21,175.08,134.42,156.38,-149.97,-0.01,149.99
1744100651.912,29.14,34.95,-5.91,34.48,50.73,-20.74,175.25,132.82,160.06,-149.90,-0.04,149.98
1744100652.012,28.93,34.65,-6.21,34.26,51.33,-20.52,175.31,132.06,161.76,-149.88,-0.05,149.97
1744100652.158,28.86,34.55,-6.31,34.18,51.54,-20.45,175.33,131.79,162.34,-149.88,-0.05,149.97
1744100652.267,28.42,33.91,-6.96,33.70,52.83,-19.97,175.39,130.10,166.00,-149.85,-0.06,149.96
1744100652.455,28.25,33.66,-7.21,33.52,53.34,-19.79,175.40,129.42,167.41,-149.85,-0.06,149.96
1744100652.580,27.77,32.97,-7.91,33.00,54.74,-19.28,175.37,127.51,171.33,-149.87,-0.06,149.96
